V3
4
MagicWeap_ForceEquip
swimForceEquip
WeapEquip
WeapOutRightReplaceForceEquip
3
iLeftHandType
5
5
iRightHandType
5
5
iWantMountedWeaponAnims
0
0
10
attackPowerStart_2HMSprint
1
1
2HM_AttackPowerForwardSprint
attackPowerStartBackward
0
1
2HM_AttackPowerBwdUncropped
attackPowerStartForward
0
1
2HM_AttackPowerFwdUncropped
attackPowerStartInPlace
0
1
2HM_AttackPower_Intro
attackPowerStartLeft
0
1
2HM_AttackPowerLeftUncropped
attackPowerStartRight
0
1
2HM_AttackPowerRightUncropped
attackStart
1
2
2HM_AttackLeft
2HM_AttackRight
attackStartSprint
1
1
2HM_AttackForwardSprint
bashPowerStart
0
1
2HM_BashPower
bashStart
0
1
2HM_BlockBash
118
3064642194
3406446954
7891816
3064642194
1965290889
7891816
3064642194
2719139470
7891816
3064642194
1399382835
7891816
3064642194
3680244054
7891816
3064642194
1881050029
7891816
3064642194
3810611033
7891816
3064642194
3683285070
7891816
3064642194
4007914334
7891816
3064642194
824390965
7891816
3064642194
3064397752
7891816
3064642194
3354471761
7891816
3064642194
103678351
7891816
3064642194
1256006019
7891816
3064642194
2482306436
7891816
3064642194
3877791546
7891816
3064642194
3811635137
7891816
3064642194
2850458380
7891816
3064642194
4045751732
7891816
3064642194
226090794
7891816
3064642194
3989308122
7891816
3064642194
3238516503
7891816
3064642194
1887966103
7891816
3064642194
732651669
7891816
3064642194
3137052005
7891816
3064642194
603114719
7891816
3064642194
2414425363
7891816
3064642194
2365093909
7891816
3064642194
2889563038
7891816
3064642194
851480940
7891816
3064642194
403607347
7891816
3064642194
3384565218
7891816
3064642194
3925448580
7891816
3064642194
3488066234
7891816
3064642194
2467770028
7891816
3064642194
1780020363
7891816
3064642194
4196986105
7891816
3064642194
3718766846
7891816
3064642194
3035061344
7891816
3064642194
3633318429
7891816
3064642194
1174792391
7891816
3064642194
1403929658
7891816
3064642194
1638933389
7891816
3064642194
3817104354
7891816
3064642194
886041884
7891816
3064642194
3458571752
7891816
3064642194
2672510584
7891816
3064642194
569141798
7891816
3064642194
2073732700
7891816
3064642194
1972095797
7891816
3064642194
2344901571
7891816
3064642194
3127032764
7891816
3064642194
2518304719
7891816
3064642194
2386802674
7891816
3064642194
3114975615
7891816
3064642194
2869539561
7891816
3064642194
4238755706
7891816
3064642194
294716611
7891816
3064642194
1962237084
7891816
3064642194
3964875564
7891816
3064642194
3241964971
7891816
3064642194
1490788145
7891816
3064642194
3742860461
7891816
3064642194
1809172187
7891816
3064642194
4279054741
7891816
3064642194
2628524021
7891816
3064642194
3834331649
7891816
3064642194
219247342
7891816
3064642194
396291564
7891816
3064642194
2356159658
7891816
3064642194
3498090684
7891816
3064642194
611717298
7891816
3064642194
3889982227
7891816
3064642194
2196506130
7891816
3064642194
2021845145
7891816
3064642194
1810961541
7891816
3064642194
3093467823
7891816
3064642194
272222762
7891816
3064642194
803129268
7891816
3064642194
4268811272
7891816
3064642194
1803815920
7891816
3064642194
3662983248
7891816
3064642194
2193605010
7891816
3064642194
2124909770
7891816
3064642194
995645885
7891816
3064642194
3697815168
7891816
3064642194
1315574096
7891816
3064642194
4204807261
7891816
3064642194
1073324666
7891816
3064642194
729244242
7891816
3064642194
672469666
7891816
3064642194
1524045223
7891816
3064642194
2132071357
7891816
3064642194
1757279714
7891816
3064642194
1807166133
7891816
1752209013
2764624539
7891816
1048427842
1001674774
7891816
599466600
4083235198
7891816
4219502115
2356974418
7891816
3501565950
329811432
7891816
3064642194
2943263066
7891816
3064642194
1256026841
7891816
2470885837
472630569
7891816
4219502115
87004378
7891816
3064642194
3129438238
7891816
4219502115
4249491779
7891816
4219502115
2988354983
7891816
3537018766
484884377
7891816
3064642194
2671799462
7891816
3064642194
3188858243
7891816
3064642194
3001847774
7891816
3064642194
270461052
7891816
3064642194
3557563656
7891816
3064642194
96115431
7891816
3064642194
903161877
7891816
3064642194
1147503648
7891816
3064642194
4208308674
7891816
3064642194
2914486860
7891816
<!-- MOD_CODE ~tudm~ OPEN -->
3064642194
889499806
7891816
3064642194
98488474
7891816
3064642194
1815894659
7891816
3064642194
2383010534
7891816
3064642194
2351626825
7891816
3064642194
3195803265
7891816
3064642194
3284149696
7891816
3064642194
2335574056
7891816
3064642194
1591591352
7891816
3064642194
3086877386
7891816
3064642194
1760421224
7891816
3064642194
2224039776
7891816
3064642194
1760973598
7891816
3064642194
279555444
7891816
3064642194
3339817643
7891816
3064642194
2128416982
7891816
<!-- CLOSE -->
