V3
6
Magic_Equip
Magic_Solo_Equip
MagicForceEquip
MagicForceEquipLeft
MagicForceEquipRight
swimForceEquip
3
iLeftHandType
0
0
iRightHandType
9
9
iWantMountedWeaponAnims
0
0
2
attackPowerStartForwardH2HLeftHand
0
1
H2H_AttackPowerForwardLeftHand
AttackStartH2HLeft
1
1
H2H_LeftHook
143
3064642194
41385974
7891816
3064642194
3406446954
7891816
3064642194
1965290889
7891816
3064642194
2719139470
7891816
3064642194
1399382835
7891816
3064642194
3680244054
7891816
3064642194
3576405612
7891816
3064642194
3122853704
7891816
3064642194
4151497467
7891816
3064642194
2851257744
7891816
3064642194
717367063
7891816
3064642194
4092822575
7891816
3064642194
3137869944
7891816
3064642194
116188346
7891816
3064642194
3939517541
7891816
3064642194
1364746921
7891816
3064642194
1524045223
7891816
3064642194
2132071357
7891816
3064642194
1757279714
7891816
3064642194
1807166133
7891816
3064642194
2963921951
7891816
3064642194
903659886
7891816
3064642194
2675355729
7891816
3064642194
4082520018
7891816
3064642194
1159813859
7891816
3064642194
1574516697
7891816
3064642194
460438195
7891816
3064642194
2275730219
7891816
3064642194
1040388572
7891816
3064642194
2860550650
7891816
3064642194
2832908674
7891816
3064642194
801422588
7891816
3064642194
2449436319
7891816
3064642194
1280841054
7891816
3064642194
2839818482
7891816
3064642194
2649230973
7891816
3064642194
200470939
7891816
3064642194
634222610
7891816
3064642194
3811617911
7891816
3064642194
2119857503
7891816
3064642194
2861825224
7891816
3064642194
4024897604
7891816
3064642194
1928973996
7891816
3064642194
4207477273
7891816
3064642194
916084304
7891816
3064642194
3154875101
7891816
3064642194
3708137967
7891816
3064642194
4174699361
7891816
3064642194
529961217
7891816
3064642194
1535123096
7891816
3064642194
1333534683
7891816
3064642194
428600395
7891816
3064642194
1512750508
7891816
3064642194
1976403784
7891816
3064642194
144112089
7891816
3064642194
1945801654
7891816
3064642194
128645182
7891816
3064642194
2433524099
7891816
3064642194
1375455791
7891816
3064642194
4192830881
7891816
3064642194
297848921
7891816
3064642194
753841044
7891816
3064642194
1991704955
7891816
3064642194
3176388239
7891816
3064642194
3273696995
7891816
3064642194
2089272310
7891816
3064642194
3938364387
7891816
3064642194
1326178189
7891816
3064642194
2561331486
7891816
3064642194
1446646701
7891816
3064642194
2380984658
7891816
3064642194
2938236109
7891816
3064642194
2759601375
7891816
3064642194
4134806053
7891816
3064642194
245509699
7891816
3064642194
3543643369
7891816
3064642194
1517485420
7891816
3064642194
847870995
7891816
3064642194
2476591948
7891816
3064642194
3827903556
7891816
3064642194
5717022
7891816
3064642194
1363733823
7891816
3064642194
1220579617
7891816
3064642194
3155901814
7891816
3064642194
2488479641
7891816
3064642194
2944729134
7891816
3064642194
23760943
7891816
3064642194
1520768652
7891816
3064642194
3671712259
7891816
3064642194
3619478558
7891816
3064642194
2020532270
7891816
3064642194
1356361824
7891816
3064642194
2097439446
7891816
3064642194
3133073735
7891816
3064642194
239072547
7891816
3064642194
1585392794
7891816
3064642194
1181148130
7891816
3064642194
2715733982
7891816
3064642194
3107019852
7891816
3064642194
1510484211
7891816
3064642194
2145933590
7891816
3064642194
455159873
7891816
3064642194
605766690
7891816
3064642194
4069442826
7891816
3064642194
1430891086
7891816
3064642194
3035246889
7891816
3064642194
1863968959
7891816
3064642194
3495835627
7891816
3064642194
2159266122
7891816
3729484155
2738515944
7891816
3064642194
2347815989
7891816
3064642194
1808004099
7891816
3537018766
484884377
7891816
3064642194
4092014357
7891816
3064642194
388215596
7891816
3064642194
9072709
7891816
3064642194
589230375
7891816
3064642194
1578361781
7891816
3064642194
2357241277
7891816
3064642194
915643791
7891816
3064642194
3511510895
7891816
3064642194
96115431
7891816
3064642194
903161877
7891816
3064642194
1147503648
7891816
3064642194
4208308674
7891816
3064642194
2914486860
7891816
3064642194
1857178722
7891816
3064642194
3051035031
7891816
3064642194
1256253715
7891816
3064642194
2704258339
7891816
3064642194
256679598
7891816
3064642194
3746760297
7891816
3064642194
292200174
7891816
3064642194
2222359092
7891816
3064642194
82548259
7891816
3064642194
1801438236
7891816
3064642194
3304803943
7891816
3064642194
4140374945
7891816
3064642194
2233652615
7891816
3064642194
2674997658
7891816
3064642194
1606997856
7891816
3064642194
762403400
7891816
3064642194
1576119532
7891816
<!-- MOD_CODE ~tudm~ OPEN -->
3064642194
889499806
7891816
3064642194
98488474
7891816
3064642194
1815894659
7891816
3064642194
2383010534
7891816
3064642194
2351626825
7891816
3064642194
3195803265
7891816
3064642194
3284149696
7891816
3064642194
2335574056
7891816
3064642194
1591591352
7891816
3064642194
3086877386
7891816
3064642194
1760421224
7891816
3064642194
2224039776
7891816
3064642194
1760973598
7891816
3064642194
279555444
7891816
3064642194
3339817643
7891816
3064642194
2128416982
7891816
<!-- CLOSE -->
