V3
0
0
7
attackPowerStart_ForwardPowerAttack
0
1
ForwardPowerAttack_Start
attackPowerStart_Stomp
0
1
attack_stomp
attackStart_BackAttack
0
1
AttackBack
attackStart_ClubAttack1
0
2
attack1_start
attack1x2
attackStart_ClubAttack2
0
1
attack2_start
attackStart_HandSwipeAttack
0
1
attack_swipe_start
bashStart
0
1
Bash
<!-- MOD_CODE ~tkuc~ OPEN -->
attackStartSPBeating
0
1
SPBeating
attackStartSPSwingBack
0
1
SPSwingBack
attackStartSPSwingFront
0
1
SPSwingFront
attackStartSPStamp
0
1
SPStamp
<!-- CLOSE -->
70
1300798827
329189360
7891816
1300798827
4199149929
7891816
1300798827
610200501
7891816
1300798827
2126555842
7891816
1300798827
3648415642
7891816
1300798827
2952534464
7891816
1300798827
680434707
7891816
1300798827
2157998604
7891816
1300798827
922044538
7891816
1300798827
3132686383
7891816
1300798827
241920298
7891816
1300798827
2671861184
7891816
1300798827
1146004157
7891816
1300798827
876501797
7891816
1300798827
1800048704
7891816
1300798827
3696748889
7891816
1300798827
2772305893
7891816
1300798827
3526965107
7891816
1300798827
1023378225
7891816
1300798827
2352587677
7891816
1300798827
2719634079
7891816
1300798827
605469172
7891816
1300798827
3726214295
7891816
1300798827
342439319
7891816
1300798827
712721057
7891816
1300798827
3497295810
7891816
1300798827
3048436928
7891816
1300798827
3188352464
7891816
1300798827
877737133
7891816
1300798827
647488370
7891816
1300798827
2126979885
7891816
1300798827
2041243444
7891816
1300798827
4250954249
7891816
1300798827
79222239
7891816
1300798827
405411595
7891816
1300798827
4141106815
7891816
1300798827
1175611091
7891816
2090061297
2902637719
7891816
2090061297
873196845
7891816
2090061297
347760597
7891816
2090061297
4271433491
7891816
2090061297
3723822410
7891816
1300798827
4166716011
7891816
1300798827
727516629
7891816
1300798827
3993179567
7891816
1300798827
1441050788
7891816
1300798827
1250986615
7891816
1300798827
2787187859
7891816
1300798827
1283192822
7891816
1300798827
4145320270
7891816
1300798827
3511579991
7891816
1300798827
3490029110
7891816
1300798827
1564060712
7891816
1300798827
271811906
7891816
1300798827
230866073
7891816
1300798827
997989121
7891816
1300798827
391305388
7891816
1300798827
3686081613
7891816
1300798827
3371145504
7891816
1300798827
73731502
7891816
1300798827
2016000396
7891816
1300798827
3103761675
7891816
1300798827
1443514510
7891816
1300798827
1355495759
7891816
1300798827
3286795052
7891816
1300798827
2752976539
7891816
1300798827
4260455028
7891816
1300798827
1917734995
7891816
1300798827
1101229777
7891816
1300798827
3561903416
7891816
<!-- MOD_CODE ~tkuc~ OPEN -->
1300798827
248481518
7891816
1300798827
3044672665
7891816
1300798827
491763537
7891816
1300798827
1171173218
7891816
<!-- CLOSE -->
