V3
5
MagicWeap_ForceEquip
swimForceEquip
WeapEquip
WeapOutLeftReplaceForceEquip
WeapOutRightReplaceForceEquip
3
iLeftHandType
8
8
iRightHandType
1
4
iWantMountedWeaponAnims
0
0
8
attackPowerStart_Sprint
1
1
AttackPowerForwardSprint
attackPowerStartBackward
0
1
1HM_AttackPowerBwdUncropped
attackPowerStartForward
0
1
1HM_AttackPowerFwdUncropped
attackPowerStartInPlace
0
1
1HM_AttackPower_Intro
attackPowerStartLeft
0
1
1HM_AttackPowerLeftUncropped
attackPowerStartRight
0
1
1HM_AttackPowerRightUncropped
attackStart
1
2
1HM_AttackLeft
1HM_AttackRight
attackStartSprint
1
1
1HM_AttackForwardSprint
<!-- MOD_CODE ~tkuc~ OPEN -->
attackStart1HMSpecialG
0
1
1HMSpecialAttackG
attackStart1HMSpecialF
0
1
1HMSpecialAttackF
attackStart1HMSpecialE
0
1
1HMSpecialAttackE
attackStart1HMSpecialD
0
1
1HMSpecialAttackD
attackStart1HMSpecialC
0
1
1HMSpecialAttackC
attackStart1HMSpecialB
0
1
1HMSpecialAttackB
attackStart1HMSpecialA
0
1
1HMSpecialAttackA
<!-- CLOSE -->
197
3064642194
2909749619
7891816
3064642194
2458046085
7891816
3064642194
2816185793
7891816
3064642194
3970489581
7891816
3064642194
2435512995
7891816
3064642194
3953226801
7891816
3064642194
1148510611
7891816
3064642194
1285136907
7891816
3064642194
3097223541
7891816
3064642194
2922338691
7891816
3064642194
729877109
7891816
3064642194
1547022949
7891816
3064642194
841177565
7891816
3064642194
3752210621
7891816
3064642194
430754869
7891816
3064642194
41385974
7891816
3064642194
3495566917
7891816
3064642194
599653141
7891816
3064642194
158590282
7891816
3064642194
3636541339
7891816
3064642194
1252987181
7891816
3064642194
1615783792
7891816
3064642194
1019110246
7891816
3064642194
2167827994
7891816
3064642194
3364256187
7891816
3064642194
840357759
7891816
3064642194
3847450222
7891816
3064642194
4228319728
7891816
3064642194
2560286977
7891816
3064642194
1472723945
7891816
3064642194
3830826139
7891816
3064642194
1122110236
7891816
3064642194
4233791795
7891816
3064642194
2199525116
7891816
3064642194
569047608
7891816
3064642194
4170443117
7891816
3064642194
371235352
7891816
3064642194
3406446954
7891816
3064642194
1965290889
7891816
3064642194
2719139470
7891816
3064642194
1399382835
7891816
3064642194
3566141032
7891816
3064642194
704396309
7891816
3064642194
1255975470
7891816
3064642194
1045764682
7891816
3064642194
3018647936
7891816
3064642194
3680244054
7891816
3064642194
3576405612
7891816
3064642194
3122853704
7891816
3064642194
4151497467
7891816
3064642194
2851257744
7891816
3064642194
717367063
7891816
3064642194
4092822575
7891816
3064642194
3137869944
7891816
3064642194
116188346
7891816
3064642194
2057874594
7891816
3064642194
2204898382
7891816
3064642194
3043271431
7891816
3064642194
4126550136
7891816
3064642194
2986472138
7891816
3064642194
618251804
7891816
3064642194
3090653222
7891816
3064642194
4151223881
7891816
3064642194
2879267423
7891816
3064642194
3735340627
7891816
3064642194
1778352864
7891816
3064642194
3366425132
7891816
3064642194
399236965
7891816
3064642194
1797736649
7891816
3064642194
3339209032
7891816
3064642194
2915721888
7891816
3064642194
3150408914
7891816
3064642194
1304256640
7891816
3064642194
4087381406
7891816
3064642194
2353364320
7891816
3064642194
1349116081
7891816
3064642194
3939517541
7891816
3064642194
615182863
7891816
3064642194
1456016414
7891816
3064642194
2589363305
7891816
3064642194
3537052408
7891816
3064642194
1524045223
7891816
3064642194
2132071357
7891816
3064642194
1757279714
7891816
3064642194
1807166133
7891816
3064642194
3266977313
7891816
3064642194
4101131633
7891816
3064642194
2275730219
7891816
3064642194
1040388572
7891816
3064642194
2860550650
7891816
3064642194
2832908674
7891816
3064642194
801422588
7891816
3064642194
2449436319
7891816
3064642194
1280841054
7891816
3064642194
2839818482
7891816
3064642194
2649230973
7891816
3064642194
200470939
7891816
3064642194
634222610
7891816
3064642194
3811617911
7891816
3064642194
2119857503
7891816
3064642194
2861825224
7891816
3064642194
4024897604
7891816
3064642194
1928973996
7891816
3064642194
4207477273
7891816
3064642194
916084304
7891816
3064642194
3154875101
7891816
3064642194
3708137967
7891816
3064642194
4174699361
7891816
3064642194
529961217
7891816
3064642194
1535123096
7891816
3064642194
1333534683
7891816
3064642194
428600395
7891816
3064642194
1512750508
7891816
3064642194
1976403784
7891816
3064642194
144112089
7891816
3064642194
1945801654
7891816
3064642194
128645182
7891816
3064642194
2433524099
7891816
3064642194
1375455791
7891816
3064642194
3176388239
7891816
3064642194
3273696995
7891816
3064642194
2089272310
7891816
3064642194
3938364387
7891816
3064642194
1326178189
7891816
3064642194
2561331486
7891816
3064642194
1446646701
7891816
3064642194
2380984658
7891816
3064642194
444209334
7891816
3064642194
1061595044
7891816
3064642194
2347815989
7891816
3064642194
3983388928
7891816
3064642194
130665193
7891816
1752209013
1735014173
7891816
1752209013
3459934718
7891816
1048427842
1480961841
7891816
1048427842
240774725
7891816
599466600
3390673982
7891816
599466600
3688064675
7891816
3064642194
1261343578
7891816
3064642194
2054001506
7891816
3064642194
1519395760
7891816
3501565950
2396462249
7891816
3064642194
225092596
7891816
3064642194
2467182167
7891816
3064642194
4151314546
7891816
3064642194
834924602
7891816
3064642194
2150337414
7891816
3064642194
485537069
7891816
2470885837
251919450
7891816
3064642194
3825796801
7891816
3064642194
2097174395
7891816
3064642194
168257517
7891816
4219502115
1996169074
7891816
3064642194
2595781244
7891816
3064642194
3988736746
7891816
3064642194
1958091600
7891816
3064642194
61942726
7891816
3064642194
2648030821
7891816
3064642194
3939667699
7891816
4219502115
3406903057
7891816
3064642194
1691330871
7891816
3064642194
331913633
7891816
3064642194
2376862722
7891816
4219502115
3784203698
7891816
4219502115
1885619346
7891816
3064642194
1808004099
7891816
3537018766
484884377
7891816
3064642194
3984662989
7891816
3064642194
3725273626
7891816
3064642194
131220912
7891816
3064642194
1578361781
7891816
3064642194
2357241277
7891816
3064642194
915643791
7891816
3064642194
3511510895
7891816
3064642194
96115431
7891816
3064642194
903161877
7891816
3064642194
1147503648
7891816
3064642194
4208308674
7891816
3064642194
2914486860
7891816
3064642194
3216612389
7891816
3064642194
2336406461
7891816
3064642194
3717770220
7891816
3064642194
3106857811
7891816
3064642194
3454074065
7891816
3064642194
1500974635
7891816
3064642194
2242454201
7891816
3064642194
555960097
7891816
3064642194
3593046769
7891816
3064642194
1148081554
7891816
3064642194
3235616554
7891816
3064642194
2991962805
7891816
3064642194
2891861890
7891816
3064642194
3981583375
7891816
3064642194
2512619979
7891816
3064642194
901687286
7891816
3064642194
974239227
7891816
3064642194
1248316053
7891816
<!-- MOD_CODE ~tkuc~ OPEN -->
3064642194
1261343578
7891816
3064642194
4151314546
7891816
3064642194
2467182167
7891816
739548327
292580988
7891816
444627456
4186704948
7891816
2499123305
3204566442
7891816
2499123305
1830052047
7891816
<!-- CLOSE -->
