V3
3
ForceEquipNoWeapChange
weapEquip
weapForceEquip
2
iLeftHandType
10
10
iRightHandType
3
4
7
attackStart1HMBackSlash
0
1
1hmattackf.hkx
attackStart1HMForwardPower
0
1
1hmattackforwarda.hkx
attackStart1HMPowerChop
0
1
1hmattackpowerchop.hkx
attackStart1HMPowerSlash
0
1
1hmattackpowerslash.hkx
attackStart1HMSwipe
0
1
1hmattacka.hkx
attackStart1HMX2
0
1
1hmattackx2.hkx
bashStart
0
1
ShieldSwordBash
<!-- MOD_CODE ~tkuc~ OPEN -->
attackStart1HMX3
0
1
1HMX3
attackStart1HMRunSlash
0
1
1HMRunSlash
<!-- CLOSE -->
61
147871266
4025694180
7891816
147871266
1905762887
7891816
147871266
4210079943
7891816
147871266
3464456217
7891816
147871266
3925688542
7891816
147871266
4099878350
7891816
147871266
2975787667
7891816
147871266
3372077192
7891816
147871266
3329286870
7891816
147871266
1896184136
7891816
147871266
3378078368
7891816
147871266
3571098166
7891816
147871266
3937753903
7891816
147871266
1369018152
7891816
147871266
1747170089
7891816
147871266
1728163787
7891816
147871266
1987181092
7891816
147871266
3492980825
7891816
147871266
250567821
7891816
147871266
1564360480
7891816
147871266
935120876
7891816
147871266
4072013214
7891816
147871266
2341079080
7891816
147871266
1703176452
7891816
147871266
1419187479
7891816
147871266
1800561115
7891816
147871266
2476464859
7891816
147871266
1296237985
7891816
147871266
2081647166
7891816
147871266
876501797
7891816
147871266
1701130249
7891816
147871266
1841874406
7891816
147871266
3476667046
7891816
147871266
990786952
7891816
147871266
190571454
7891816
147871266
725085878
7891816
147871266
2738615134
7891816
147871266
2987447798
7891816
147871266
1672450085
7891816
147871266
2951840487
7891816
147871266
1613399705
7891816
147871266
1467081396
7891816
147871266
3144220388
7891816
147871266
1291008874
7891816
147871266
2297458537
7891816
147871266
1730404262
7891816
147871266
3632893754
7891816
147871266
3809428521
7891816
147871266
2692639127
7891816
147871266
1259367578
7891816
147871266
558866344
7891816
147871266
4260851793
7891816
147871266
3240285834
7891816
147871266
137473967
7891816
147871266
2421362166
7891816
440476993
513534999
7891816
440476993
638098448
7891816
440476993
3204566442
7891816
440476993
202336421
7891816
440476993
1830052047
7891816
440476993
4095553909
7891816
<!-- MOD_CODE ~tkuc~ OPEN -->
147871266
2062189633
7891816
147871266
634323212
7891816
<!-- CLOSE -->
