V3
4
swimForceEquip
WeapEquip
WeapOutLeftReplaceForceEquip
WeapOutRightReplaceForceEquip
3
iLeftHandType
9
9
iRightHandType
0
0
iWantMountedWeaponAnims
0
0
2
attackPowerStartForwardH2HRightHand
0
1
H2H_AttackPowerForwardRightHand
AttackStartH2HRight
1
1
H2H_RightHook
134
3064642194
41385974
7891816
3064642194
3636541339
7891816
3064642194
1252987181
7891816
3064642194
1615783792
7891816
3064642194
3364256187
7891816
3064642194
840357759
7891816
3064642194
3847450222
7891816
3064642194
1472723945
7891816
3064642194
4233791795
7891816
3064642194
4170443117
7891816
3064642194
371235352
7891816
3064642194
3406446954
7891816
3064642194
1965290889
7891816
3064642194
2719139470
7891816
3064642194
1255975470
7891816
3064642194
3680244054
7891816
3064642194
2057874594
7891816
3064642194
2204898382
7891816
3064642194
3043271431
7891816
3064642194
4126550136
7891816
3064642194
618251804
7891816
3064642194
3090653222
7891816
3064642194
4151223881
7891816
3064642194
1778352864
7891816
3064642194
3366425132
7891816
3064642194
399236965
7891816
3064642194
2915721888
7891816
3064642194
4087381406
7891816
3064642194
1524045223
7891816
3064642194
2132071357
7891816
3064642194
1757279714
7891816
3064642194
1807166133
7891816
3064642194
903659886
7891816
3064642194
679864985
7891816
3064642194
2825105469
7891816
3064642194
3241019899
7891816
3064642194
1367604145
7891816
3064642194
2675355729
7891816
3064642194
3245675835
7891816
3064642194
4067495135
7891816
3064642194
860203613
7891816
3064642194
428585986
7891816
3064642194
4082520018
7891816
3064642194
1307963811
7891816
3064642194
1159813859
7891816
3064642194
480085644
7891816
3064642194
1574516697
7891816
3064642194
3666454355
7891816
3064642194
460438195
7891816
3064642194
2007533464
7891816
3064642194
830167584
7891816
3064642194
1296052771
7891816
3064642194
61735946
7891816
3064642194
492149133
7891816
3064642194
1326025277
7891816
3064642194
1431519909
7891816
3064642194
2275730219
7891816
3064642194
1040388572
7891816
3064642194
2860550650
7891816
3064642194
2832908674
7891816
3064642194
801422588
7891816
3064642194
2449436319
7891816
3064642194
1280841054
7891816
3064642194
2839818482
7891816
3064642194
2649230973
7891816
3064642194
200470939
7891816
3064642194
634222610
7891816
3064642194
3811617911
7891816
3064642194
2119857503
7891816
3064642194
2861825224
7891816
3064642194
4024897604
7891816
3064642194
1928973996
7891816
3064642194
4207477273
7891816
3064642194
916084304
7891816
3064642194
3154875101
7891816
3064642194
3708137967
7891816
3064642194
4174699361
7891816
3064642194
529961217
7891816
3064642194
1535123096
7891816
3064642194
1333534683
7891816
3064642194
428600395
7891816
3064642194
1512750508
7891816
3064642194
1976403784
7891816
3064642194
144112089
7891816
3064642194
1945801654
7891816
3064642194
128645182
7891816
3064642194
2433524099
7891816
3064642194
1375455791
7891816
3064642194
4192830881
7891816
3064642194
297848921
7891816
3064642194
753841044
7891816
3064642194
1991704955
7891816
3064642194
3176388239
7891816
3064642194
3273696995
7891816
3064642194
2089272310
7891816
3064642194
3938364387
7891816
3064642194
1326178189
7891816
3064642194
2561331486
7891816
3064642194
1446646701
7891816
3064642194
2380984658
7891816
3064642194
2938236109
7891816
3064642194
444209334
7891816
3064642194
1061595044
7891816
3064642194
2525573151
7891816
3064642194
345200390
7891816
3064642194
2759601375
7891816
3064642194
1224754600
7891816
3064642194
3850240764
7891816
3064642194
3804307443
7891816
3064642194
531187541
7891816
3064642194
515240138
7891816
3064642194
2059334979
7891816
3064642194
964314741
7891816
3064642194
1252802252
7891816
3064642194
940384628
7891816
3064642194
214988647
7891816
3064642194
602341953
7891816
3064642194
3200985115
7891816
3064642194
4260436364
7891816
3064642194
1250569287
7891816
3064642194
1088315209
7891816
3064642194
2734670679
7891816
3064642194
4134806053
7891816
3064642194
3543643369
7891816
3537018766
484884377
7891816
3064642194
4184708768
7891816
3064642194
589230375
7891816
3064642194
663998877
7891816
3064642194
96115431
7891816
3064642194
903161877
7891816
3064642194
1147503648
7891816
3064642194
4208308674
7891816
3064642194
2914486860
7891816
3064642194
2562413888
7891816
<!-- MOD_CODE ~zcbe~ OPEN -->
1514263723
455572075
7891816
1514263723
3926856706
7891816
<!-- CLOSE -->
