V3
4
MagicWeap_ForceEquip
swimForceEquip
WeapEquip
WeapOutRightReplaceForceEquip
2
iLeftHandType
12
12
iRightHandType
12
12
0
92
596236441
41385974
7891816
596236441
3364256187
7891816
596236441
3406446954
7891816
596236441
1965290889
7891816
596236441
2719139470
7891816
596236441
1399382835
7891816
596236441
3680244054
7891816
596236441
3576405612
7891816
596236441
3122853704
7891816
596236441
4151497467
7891816
596236441
2851257744
7891816
596236441
1778352864
7891816
596236441
3939517541
7891816
596236441
1364746921
7891816
596236441
3577436353
7891816
2343657489
2161856030
7891816
2343657489
1042860001
7891816
2343657489
3248606240
7891816
2343657489
3295116332
7891816
2343657489
1472382747
7891816
2343657489
2440356146
7891816
2343657489
3196394380
7891816
2343657489
1279971503
7891816
2343657489
3970214338
7891816
2343657489
55298504
7891816
2343657489
449182748
7891816
2343657489
1936704758
7891816
2343657489
24713365
7891816
2343657489
3608128132
7891816
2343657489
3408151606
7891816
2343657489
78528651
7891816
2343657489
1605755132
7891816
2343657489
1097695907
7891816
2343657489
935601565
7891816
2343657489
2874294216
7891816
2343657489
10974372
7891816
2343657489
4099986577
7891816
2343657489
1754480860
7891816
596236441
2132071357
7891816
596236441
1757279714
7891816
596236441
1807166133
7891816
596236441
1181148130
7891816
596236441
2715733982
7891816
596236441
3107019852
7891816
596236441
1510484211
7891816
596236441
2145933590
7891816
596236441
455159873
7891816
596236441
605766690
7891816
596236441
4069442826
7891816
596236441
1430891086
7891816
596236441
3035246889
7891816
596236441
1863968959
7891816
596236441
3495835627
7891816
596236441
2159266122
7891816
596236441
2738515944
7891816
314061227
484884377
7891816
596236441
2495562680
7891816
596236441
96115431
7891816
596236441
903161877
7891816
596236441
1147503648
7891816
596236441
4208308674
7891816
596236441
2914486860
7891816
2343657489
1713230385
7891816
2343657489
966347796
7891816
2343657489
575429014
7891816
2343657489
3739708670
7891816
2343657489
4254376119
7891816
2343657489
1107462992
7891816
2343657489
2015219054
7891816
2343657489
2923578792
7891816
596236441
1857178722
7891816
596236441
3051035031
7891816
596236441
1256253715
7891816
596236441
2704258339
7891816
596236441
256679598
7891816
596236441
3746760297
7891816
596236441
292200174
7891816
596236441
2222359092
7891816
596236441
82548259
7891816
596236441
1801438236
7891816
596236441
3304803943
7891816
596236441
4140374945
7891816
596236441
2233652615
7891816
596236441
2674997658
7891816
596236441
1606997856
7891816
596236441
762403400
7891816
596236441
1576119532
7891816
596236441
3089760177
7891816
596236441
1993161146
7891816
596236441
1056890588
7891816
596236441
3299552971
7891816
596236441
901420615
7891816
<!-- MOD_CODE ~tudm~ OPEN -->
3064642194
889499806
7891816
3064642194
98488474
7891816
3064642194
1815894659
7891816
3064642194
2383010534
7891816
3064642194
2351626825
7891816
3064642194
3195803265
7891816
3064642194
3284149696
7891816
3064642194
2335574056
7891816
3064642194
1591591352
7891816
3064642194
3086877386
7891816
3064642194
1760421224
7891816
3064642194
2224039776
7891816
3064642194
1760973598
7891816
3064642194
279555444
7891816
3064642194
3339817643
7891816
3064642194
2128416982
7891816
<!-- CLOSE -->
