V3
1
torchEquip
2
iLeftHandType
11
11
iRightHandType
0
0
0
21
596236441
4007425560
7891816
596236441
1039225057
7891816
596236441
3192229306
7891816
596236441
2225780556
7891816
596236441
2715733982
7891816
596236441
1925298183
7891816
596236441
2349301053
7891816
596236441
2878487174
7891816
596236441
3409663323
7891816
596236441
816501272
7891816
596236441
4124292293
7891816
596236441
2657435398
7891816
596236441
48648779
7891816
596236441
7161888
7891816
314061227
484884377
7891816
596236441
4092014357
7891816
596236441
388215596
7891816
596236441
9072709
7891816
596236441
2062047004
7891816
596236441
3504117204
7891816
596236441
1412251071
7891816
<!-- MOD_CODE ~tudm~ OPEN -->
3064642194
889499806
7891816
3064642194
98488474
7891816
3064642194
1815894659
7891816
3064642194
2383010534
7891816
3064642194
2351626825
7891816
3064642194
3195803265
7891816
3064642194
3284149696
7891816
3064642194
2335574056
7891816
3064642194
1591591352
7891816
3064642194
3086877386
7891816
3064642194
1760421224
7891816
3064642194
2224039776
7891816
3064642194
1760973598
7891816
3064642194
279555444
7891816
3064642194
3339817643
7891816
3064642194
2128416982
7891816
<!-- CLOSE -->
