V3
4
MagicWeap_ForceEquip
swimForceEquip
WeapEquip
WeapOutRightReplaceForceEquip
3
iLeftHandType
7
7
iRightHandType
7
7
iWantMountedWeaponAnims
0
0
2
bashPowerStart
0
1
Bow_BlockBashPower
bashStart
0
1
Bow_BlockBash
118
3064642194
3406446954
7891816
3064642194
1965290889
7891816
3064642194
2719139470
7891816
3064642194
1399382835
7891816
3064642194
3680244054
7891816
3064642194
3576405612
7891816
3064642194
3122853704
7891816
3064642194
4151497467
7891816
3064642194
2851257744
7891816
3064642194
717367063
7891816
3064642194
4092822575
7891816
3064642194
3137869944
7891816
3064642194
116188346
7891816
3064642194
3939517541
7891816
3064642194
1364746921
7891816
3064642194
2145702980
7891816
3064642194
3043573905
7891816
3064642194
2539668552
7891816
3064642194
3699589227
7891816
3064642194
1731134358
7891816
3064642194
3600860950
7891816
3064642194
241647163
7891816
3064642194
3198318498
7891816
3064642194
1145803521
7891816
3064642194
3528167774
7891816
3064642194
2602072863
7891816
3064642194
902077692
7891816
3064642194
328938392
7891816
3064642194
867951377
7891816
3064642194
2897269740
7891816
3064642194
1944063206
7891816
3064642194
1824633685
7891816
3064642194
145790008
7891816
3064642194
2126044828
7891816
3064642194
3692852133
7891816
3064642194
1839829850
7891816
3064642194
2919761261
7891816
3064642194
1066030156
7891816
3064642194
1519293435
7891816
3064642194
2072145915
7891816
3064642194
249120981
7891816
3064642194
1130035661
7891816
3064642194
2071017084
7891816
3064642194
2173160463
7891816
3064642194
2289015417
7891816
3064642194
3939259239
7891816
3064642194
3032019971
7891816
3064642194
3160866138
7891816
3064642194
495871639
7891816
3064642194
4058550247
7891816
3064642194
457476928
7891816
3064642194
4288212734
7891816
3064642194
2132890593
7891816
3064642194
3577436353
7891816
3064642194
3295239728
7891816
3064642194
1234081340
7891816
3064642194
2883293341
7891816
3064642194
1261951722
7891816
3064642194
979826054
7891816
3064642194
3585439035
7891816
3064642194
2483374149
7891816
3064642194
3611193458
7891816
3064642194
2543215673
7891816
3064642194
2051607160
7891816
3064642194
2239660701
7891816
3064642194
2883618159
7891816
3064642194
1524045223
7891816
3064642194
2132071357
7891816
3064642194
1757279714
7891816
3064642194
1807166133
7891816
3064642194
1181148130
7891816
3064642194
2715733982
7891816
3064642194
3107019852
7891816
3064642194
1510484211
7891816
3064642194
2145933590
7891816
3064642194
455159873
7891816
3064642194
605766690
7891816
3064642194
4069442826
7891816
3064642194
1430891086
7891816
3064642194
3035246889
7891816
3064642194
1863968959
7891816
3064642194
3495835627
7891816
3064642194
2159266122
7891816
911414905
2738515944
7891816
3537018766
484884377
7891816
3064642194
2671799462
7891816
3064642194
3188858243
7891816
3064642194
3001847774
7891816
3064642194
270461052
7891816
3064642194
1578361781
7891816
3064642194
2357241277
7891816
3064642194
915643791
7891816
3064642194
3511510895
7891816
3064642194
96115431
7891816
3064642194
903161877
7891816
3064642194
1147503648
7891816
3064642194
4208308674
7891816
3064642194
2914486860
7891816
3064642194
3093040562
7891816
3064642194
1607663632
7891816
3064642194
3900937205
7891816
3064642194
1857178722
7891816
3064642194
3051035031
7891816
3064642194
1256253715
7891816
3064642194
2704258339
7891816
3064642194
256679598
7891816
3064642194
3746760297
7891816
3064642194
292200174
7891816
3064642194
2222359092
7891816
3064642194
82548259
7891816
3064642194
1801438236
7891816
3064642194
3304803943
7891816
3064642194
4140374945
7891816
3064642194
2233652615
7891816
3064642194
2674997658
7891816
3064642194
1606997856
7891816
3064642194
762403400
7891816
3064642194
1576119532
7891816
<!-- MOD_CODE ~tudm~ OPEN -->
3064642194
889499806
7891816
3064642194
98488474
7891816
3064642194
1815894659
7891816
3064642194
2383010534
7891816
3064642194
2351626825
7891816
3064642194
3195803265
7891816
3064642194
3284149696
7891816
3064642194
2335574056
7891816
3064642194
1591591352
7891816
3064642194
3086877386
7891816
3064642194
1760421224
7891816
3064642194
2224039776
7891816
3064642194
1760973598
7891816
3064642194
279555444
7891816
3064642194
3339817643
7891816
3064642194
2128416982
7891816
<!-- CLOSE -->
