V3
5
Magic_Equip
MagicForceEquip
MagicForceEquipLeft
MagicForceEquipRight
swimForceEquip
3
iLeftHandType
9
9
iRightHandType
9
9
iWantMountedWeaponAnims
0
0
0
130
3064642194
3406446954
7891816
3064642194
1965290889
7891816
3064642194
2719139470
7891816
3064642194
1399382835
7891816
3064642194
3680244054
7891816
3064642194
3576405612
7891816
3064642194
3122853704
7891816
3064642194
4151497467
7891816
3064642194
2851257744
7891816
3064642194
717367063
7891816
3064642194
4092822575
7891816
3064642194
3137869944
7891816
3064642194
116188346
7891816
3064642194
3939517541
7891816
3064642194
1524045223
7891816
3064642194
3730865909
7891816
3064642194
1985483836
7891816
3064642194
2425759862
7891816
3064642194
2176194038
7891816
3064642194
1468827536
7891816
3064642194
1667887448
7891816
3064642194
2107587344
7891816
3064642194
1087259198
7891816
3064642194
1710397901
7891816
3064642194
2201789831
7891816
3064642194
2132071357
7891816
3064642194
1757279714
7891816
3064642194
1807166133
7891816
3064642194
2275730219
7891816
3064642194
1040388572
7891816
3064642194
2860550650
7891816
3064642194
2832908674
7891816
3064642194
801422588
7891816
3064642194
2449436319
7891816
3064642194
1280841054
7891816
3064642194
2839818482
7891816
3064642194
2649230973
7891816
3064642194
200470939
7891816
3064642194
634222610
7891816
3064642194
3811617911
7891816
3064642194
2119857503
7891816
3064642194
2861825224
7891816
3064642194
4024897604
7891816
3064642194
1928973996
7891816
3064642194
4207477273
7891816
3064642194
916084304
7891816
3064642194
3154875101
7891816
3064642194
3708137967
7891816
3064642194
4174699361
7891816
3064642194
529961217
7891816
3064642194
1535123096
7891816
3064642194
1333534683
7891816
3064642194
428600395
7891816
3064642194
1512750508
7891816
3064642194
1976403784
7891816
3064642194
144112089
7891816
3064642194
1945801654
7891816
3064642194
128645182
7891816
3064642194
2433524099
7891816
3064642194
1375455791
7891816
3064642194
4192830881
7891816
3064642194
297848921
7891816
3064642194
753841044
7891816
3064642194
1991704955
7891816
3064642194
3176388239
7891816
3064642194
3273696995
7891816
3064642194
2089272310
7891816
3064642194
3938364387
7891816
3064642194
1326178189
7891816
3064642194
2561331486
7891816
3064642194
1446646701
7891816
3064642194
2380984658
7891816
3064642194
2938236109
7891816
3064642194
2525573151
7891816
3064642194
345200390
7891816
3064642194
1538809610
7891816
3064642194
2759601375
7891816
3064642194
1224754600
7891816
3064642194
3850240764
7891816
3064642194
3804307443
7891816
3064642194
531187541
7891816
3064642194
515240138
7891816
3064642194
2059334979
7891816
3064642194
964314741
7891816
3064642194
1252802252
7891816
3064642194
940384628
7891816
3064642194
214988647
7891816
3064642194
602341953
7891816
3064642194
3200985115
7891816
3064642194
4260436364
7891816
3064642194
1250569287
7891816
3064642194
2212059164
7891816
3064642194
1088315209
7891816
3064642194
2734670679
7891816
3064642194
4134806053
7891816
3064642194
245509699
7891816
3064642194
605638609
7891816
3064642194
3543643369
7891816
3064642194
4238486285
7891816
3064642194
1517485420
7891816
3064642194
2476591948
7891816
3064642194
3827903556
7891816
3064642194
5717022
7891816
3064642194
1363733823
7891816
3064642194
1220579617
7891816
3064642194
3155901814
7891816
3064642194
2488479641
7891816
3064642194
2944729134
7891816
3064642194
23760943
7891816
3064642194
1520768652
7891816
3064642194
3671712259
7891816
3064642194
3619478558
7891816
3064642194
2020532270
7891816
3064642194
1356361824
7891816
3064642194
2097439446
7891816
3064642194
239072547
7891816
3064642194
1585392794
7891816
3064642194
1863968959
7891816
3064642194
3495835627
7891816
3064642194
2159266122
7891816
911414905
2738515944
7891816
3064642194
428043122
7891816
3064642194
4092014357
7891816
3064642194
388215596
7891816
3064642194
9072709
7891816
3064642194
96115431
7891816
3064642194
903161877
7891816
3064642194
1147503648
7891816
3064642194
4208308674
7891816
3064642194
2914486860
7891816
<!-- MOD_CODE ~tudm~ OPEN -->
3064642194
889499806
7891816
3064642194
98488474
7891816
3064642194
1815894659
7891816
3064642194
2383010534
7891816
3064642194
2351626825
7891816
3064642194
3195803265
7891816
3064642194
3284149696
7891816
3064642194
2335574056
7891816
3064642194
1591591352
7891816
3064642194
3086877386
7891816
3064642194
1760421224
7891816
3064642194
2224039776
7891816
3064642194
1760973598
7891816
3064642194
279555444
7891816
3064642194
3339817643
7891816
3064642194
2128416982
7891816
<!-- CLOSE -->
