V3
4
swimForceEquip
WeapEquip
WeapOutLeftReplaceForceEquip
WeapOutRightReplaceForceEquip
3
iLeftHandType
11
11
iRightHandType
0
0
iWantMountedWeaponAnims
0
0
4
attackPowerStartForwardH2HRightHand
0
1
H2H_AttackPowerForwardRightHand
AttackStartH2HRight
1
1
H2H_RightHook
bashPowerStart
0
1
Tor_BashPower
bashStart
0
1
Tor_Bash
146
3064642194
2909749619
7891816
3064642194
2816185793
7891816
3064642194
3970489581
7891816
3064642194
2435512995
7891816
3064642194
3953226801
7891816
3064642194
1148510611
7891816
3064642194
1285136907
7891816
3064642194
3752210621
7891816
3064642194
3636541339
7891816
3064642194
1252987181
7891816
3064642194
1615783792
7891816
3064642194
3364256187
7891816
3064642194
840357759
7891816
3064642194
3847450222
7891816
3064642194
1472723945
7891816
3064642194
4233791795
7891816
3064642194
4170443117
7891816
3064642194
371235352
7891816
3064642194
3406446954
7891816
3064642194
1965290889
7891816
3064642194
2719139470
7891816
3064642194
3566141032
7891816
3064642194
704396309
7891816
3064642194
1255975470
7891816
3064642194
1045764682
7891816
3064642194
3018647936
7891816
3064642194
3680244054
7891816
3064642194
2057874594
7891816
3064642194
2204898382
7891816
3064642194
3043271431
7891816
3064642194
4126550136
7891816
3064642194
618251804
7891816
3064642194
3090653222
7891816
3064642194
4151223881
7891816
3064642194
1778352864
7891816
3064642194
3366425132
7891816
3064642194
399236965
7891816
3064642194
2915721888
7891816
3064642194
4087381406
7891816
3064642194
3939517541
7891816
3064642194
241647163
7891816
3064642194
1524045223
7891816
3064642194
2132071357
7891816
3064642194
1757279714
7891816
3064642194
1807166133
7891816
3064642194
2289907108
7891816
3064642194
3309123159
7891816
3064642194
2681476091
7891816
3064642194
254536595
7891816
3064642194
3536541131
7891816
3064642194
4165623954
7891816
3064642194
2282126496
7891816
3064642194
2234169293
7891816
3064642194
725689690
7891816
3064642194
3882738706
7891816
3064642194
2523638544
7891816
3064642194
2435622162
7891816
3064642194
2547090059
7891816
3064642194
2054095555
7891816
3064642194
721095873
7891816
3064642194
1615124471
7891816
3064642194
2963921951
7891816
3064642194
903659886
7891816
3064642194
679864985
7891816
3064642194
2825105469
7891816
3064642194
3241019899
7891816
3064642194
1367604145
7891816
3064642194
2675355729
7891816
3064642194
3245675835
7891816
3064642194
4067495135
7891816
3064642194
860203613
7891816
3064642194
428585986
7891816
3064642194
4082520018
7891816
3064642194
1307963811
7891816
3064642194
1159813859
7891816
3064642194
480085644
7891816
3064642194
1574516697
7891816
3064642194
3666454355
7891816
3064642194
460438195
7891816
3064642194
2007533464
7891816
3064642194
830167584
7891816
3064642194
1296052771
7891816
3064642194
61735946
7891816
3064642194
492149133
7891816
3064642194
1326025277
7891816
3064642194
1431519909
7891816
3064642194
1181148130
7891816
3064642194
2715733982
7891816
3064642194
3107019852
7891816
3064642194
1510484211
7891816
3064642194
2145933590
7891816
3064642194
455159873
7891816
3064642194
605766690
7891816
3064642194
4069442826
7891816
3064642194
1430891086
7891816
3064642194
3035246889
7891816
3064642194
1863968959
7891816
3064642194
3495835627
7891816
3064642194
2159266122
7891816
3064642194
4152052454
7891816
911414905
2738515944
7891816
3064642194
2347815989
7891816
3537018766
484884377
7891816
3064642194
4184708768
7891816
3064642194
2671799462
7891816
3064642194
3188858243
7891816
3064642194
3001847774
7891816
3064642194
270461052
7891816
3064642194
131220912
7891816
3064642194
589230375
7891816
3064642194
663998877
7891816
3064642194
1578361781
7891816
3064642194
2357241277
7891816
3064642194
915643791
7891816
3064642194
3511510895
7891816
3064642194
96115431
7891816
3064642194
903161877
7891816
3064642194
1147503648
7891816
3064642194
4208308674
7891816
3064642194
2914486860
7891816
3064642194
2562413888
7891816
3064642194
1857178722
7891816
3064642194
3051035031
7891816
3064642194
1256253715
7891816
3064642194
2704258339
7891816
3064642194
256679598
7891816
3064642194
3746760297
7891816
3064642194
292200174
7891816
3064642194
2222359092
7891816
3064642194
82548259
7891816
3064642194
1801438236
7891816
3064642194
3304803943
7891816
3064642194
4140374945
7891816
3064642194
2233652615
7891816
3064642194
2674997658
7891816
3064642194
1606997856
7891816
3064642194
762403400
7891816
3064642194
1576119532
7891816
3064642194
2787866619
7891816
3064642194
3981482205
7891816
3064642194
3107362094
7891816
3064642194
1034501661
7891816
3064642194
2351364765
7891816
3064642194
3675759335
7891816
3064642194
2998219184
7891816
3064642194
1365593872
7891816
<!-- MOD_CODE ~zcbe~ OPEN -->
3171570908
1830324637
7891816
<!-- CLOSE -->
