V3
3
MC_WeapOutRightReplaceForceEquip
WeapEquip
WeapSoloEquip
<!-- MOD_CODE ~zcbe~ OPEN -->
Magic_Equip
<!-- CLOSE -->
3
iLeftHandType
0
12
iRightHandType
8
11
iWantMountedWeaponAnims
1
1
0
25
3220268526
4250954249
7891816
3220268526
381991193
7891816
3220268526
3318664614
7891816
3220268526
1758969764
7891816
3220268526
383797042
7891816
3220268526
998749552
7891816
3220268526
157035653
7891816
3220268526
2514818744
7891816
3220268526
660657202
7891816
3220268526
4145320270
7891816
3220268526
3583464821
7891816
3220268526
798517270
7891816
3220268526
2478923743
7891816
3220268526
1854824594
7891816
3220268526
2065572626
7891816
3220268526
1836733747
7891816
3220268526
4223219248
7891816
3220268526
28707667
7891816
3220268526
2692741654
7891816
3220268526
3004853482
7891816
3220268526
280615610
7891816
3220268526
2778915472
7891816
3220268526
1580274081
7891816
3220268526
2755538114
7891816
3220268526
2752976539
7891816
<!-- MOD_CODE ~zcbe~ OPEN -->
3064642194
2476591948
7891816
3064642194
847870995
7891816
3064642194
3133073735
7891816
3064642194
2944729134
7891816
3064642194
23760943
7891816
3064642194
1520768652
7891816
3064642194
3671712259
7891816
3064642194
3619478558
7891816
3064642194
2020532270
7891816
3064642194
1356361824
7891816
3064642194
2097439446
7891816
3064642194
239072547
7891816
3064642194
1585392794
7891816
3064642194
2715733982
7891816
3064642194
1863968959
7891816
3064642194
3495835627
7891816
3064642194
2159266122
7891816
911414905
2738515944
7891816
3064642194
2347815989
7891816
3064642194
1808004099
7891816
3537018766
484884377
7891816
3064642194
1578361781
7891816
3064642194
2357241277
7891816
3064642194
915643791
7891816
3064642194
3511510895
7891816
3064642194
96115431
7891816
3064642194
903161877
7891816
<!-- CLOSE -->
