V3
3
enter1HM_Magic
weapEquip
WeapForceEquip
2
iLeftHandType
9
9
iRightHandType
1
4
6
attackPowerStartForward1
0
1
1HMFowardPowerAttack1
attackPowerStartPower1
0
1
1HM_PowerAttack1
attackStartAttack1
0
1
1HM_Attack1
attackStartAttack2
0
1
1HM_Attack2
attackStartAttack3
0
1
1HM_Attack3
attackStartAttack4
0
1
1HM_Attack4
<!-- MOD_CODE ~tkuc~ OPEN -->
attackStart1HMX3
0
1
1HMX3
attackStart1HMBackStepSlash
0
1
1HMBackStepSlash
attackStart1HMRunThrust
0
1
1HMRunThrust
<!-- CLOSE -->
45
3669666196
2768391681
7891816
3669666196
1007361979
7891816
3669666196
1259089709
7891816
3669666196
3580410510
7891816
3669666196
4007456165
7891816
3669666196
3336882712
7891816
3669666196
1896184136
7891816
3669666196
1987181092
7891816
3669666196
2126579337
7891816
3669666196
3002535789
7891816
3669666196
2176868285
7891816
3669666196
1793924813
7891816
3669666196
4091826039
7891816
3669666196
2229501921
7891816
3669666196
2476464859
7891816
3669666196
4051840206
7891816
3669666196
1072244358
7891816
3669666196
557832999
7891816
3669666196
2043853094
7891816
3669666196
2384618252
7891816
3669666196
753105500
7891816
3669666196
3211413847
7891816
3669666196
3496720906
7891816
3669666196
2401160382
7891816
3669666196
2541604759
7891816
3669666196
1260875580
7891816
3669666196
3891280345
7891816
3669666196
18318878
7891816
3669666196
3755294449
7891816
3669666196
2180731289
7891816
3669666196
2894709925
7891816
3669666196
1293219653
7891816
3669666196
1700279198
7891816
3669666196
4046912050
7891816
3669666196
3543621602
7891816
3669666196
1995220970
7891816
3669666196
1966314605
7891816
3669666196
1635902388
7891816
3669666196
670613658
7891816
2728403343
1886086678
7891816
2728403343
1660936868
7891816
2728403343
2289647558
7891816
2728403343
1719099114
7891816
2728403343
292580988
7891816
2728403343
4227248926
7891816
<!-- MOD_CODE ~tkuc~ OPEN -->
3669666196
2062189633
7891816
3669666196
654138557
7891816
3669666196
1500114734
7891816
<!-- CLOSE -->
