V3
4
swimForceEquip
WeapEquip
WeapOutLeftReplaceForceEquip
WeapOutRightReplaceForceEquip
2
iLeftHandType
9
9
iRightHandType
0
0
0
87
596236441
41385974
7891816
596236441
3636541339
7891816
596236441
1252987181
7891816
596236441
1615783792
7891816
596236441
3364256187
7891816
596236441
840357759
7891816
596236441
3847450222
7891816
596236441
1472723945
7891816
596236441
4233791795
7891816
596236441
4170443117
7891816
596236441
371235352
7891816
596236441
3406446954
7891816
596236441
1965290889
7891816
596236441
2719139470
7891816
596236441
1255975470
7891816
596236441
618251804
7891816
596236441
3090653222
7891816
596236441
4151223881
7891816
596236441
1778352864
7891816
596236441
3366425132
7891816
596236441
399236965
7891816
596236441
2915721888
7891816
596236441
4087381406
7891816
596236441
577621260
7891816
596236441
743388658
7891816
596236441
1615012326
7891816
596236441
2132071357
7891816
596236441
1757279714
7891816
596236441
1807166133
7891816
596236441
4032591459
7891816
596236441
283921752
7891816
596236441
679864985
7891816
596236441
2825105469
7891816
596236441
3241019899
7891816
596236441
1367604145
7891816
596236441
2675355729
7891816
596236441
3245675835
7891816
596236441
860203613
7891816
596236441
428585986
7891816
596236441
830167584
7891816
596236441
1296052771
7891816
596236441
61735946
7891816
596236441
492149133
7891816
596236441
1326025277
7891816
596236441
1431519909
7891816
596236441
2832908674
7891816
596236441
916084304
7891816
596236441
1512750508
7891816
596236441
3938364387
7891816
596236441
211818305
7891816
596236441
3312513245
7891816
596236441
2710142637
7891816
596236441
1818327015
7891816
596236441
2938236109
7891816
596236441
444209334
7891816
596236441
1061595044
7891816
596236441
2525573151
7891816
596236441
345200390
7891816
596236441
2759601375
7891816
596236441
1224754600
7891816
596236441
3850240764
7891816
596236441
3804307443
7891816
596236441
531187541
7891816
596236441
515240138
7891816
596236441
2059334979
7891816
596236441
964314741
7891816
596236441
1252802252
7891816
596236441
940384628
7891816
596236441
214988647
7891816
596236441
602341953
7891816
596236441
3200985115
7891816
596236441
4260436364
7891816
596236441
1250569287
7891816
596236441
1088315209
7891816
596236441
2734670679
7891816
596236441
3543643369
7891816
314061227
484884377
7891816
596236441
2011509488
7891816
596236441
4184708768
7891816
596236441
4186907212
7891816
596236441
663998877
7891816
596236441
96115431
7891816
596236441
903161877
7891816
596236441
1147503648
7891816
596236441
4208308674
7891816
596236441
2914486860
7891816
596236441
2562413888
7891816
<!-- MOD_CODE ~tudm~ OPEN -->
3064642194
889499806
7891816
3064642194
98488474
7891816
3064642194
1815894659
7891816
3064642194
2383010534
7891816
3064642194
2351626825
7891816
3064642194
3195803265
7891816
3064642194
3284149696
7891816
3064642194
2335574056
7891816
3064642194
1591591352
7891816
3064642194
3086877386
7891816
3064642194
1760421224
7891816
3064642194
2224039776
7891816
3064642194
1760973598
7891816
3064642194
279555444
7891816
3064642194
3339817643
7891816
3064642194
2128416982
7891816
<!-- CLOSE -->
