V3
5
Magic_Equip
Magic_Solo_Equip
MagicForceEquip
MagicForceEquipRight
swimForceEquip
2
iLeftHandType
0
0
iRightHandType
9
9
0
85
596236441
3406446954
7891816
596236441
1965290889
7891816
596236441
2719139470
7891816
596236441
1399382835
7891816
596236441
577621260
7891816
596236441
1615012326
7891816
596236441
2132071357
7891816
596236441
1757279714
7891816
596236441
1807166133
7891816
596236441
4032591459
7891816
596236441
283921752
7891816
596236441
2963921951
7891816
596236441
903659886
7891816
596236441
1367604145
7891816
596236441
2675355729
7891816
596236441
3245675835
7891816
596236441
4067495135
7891816
596236441
428585986
7891816
596236441
830167584
7891816
596236441
1296052771
7891816
596236441
61735946
7891816
596236441
492149133
7891816
596236441
1326025277
7891816
596236441
1431519909
7891816
596236441
2275730219
7891816
596236441
1040388572
7891816
596236441
2860550650
7891816
596236441
2832908674
7891816
596236441
801422588
7891816
596236441
2449436319
7891816
596236441
1280841054
7891816
596236441
2839818482
7891816
596236441
2649230973
7891816
596236441
200470939
7891816
596236441
4024897604
7891816
596236441
1928973996
7891816
596236441
4207477273
7891816
596236441
916084304
7891816
596236441
3154875101
7891816
596236441
3708137967
7891816
596236441
4174699361
7891816
596236441
529961217
7891816
596236441
1945801654
7891816
596236441
128645182
7891816
596236441
2433524099
7891816
596236441
1375455791
7891816
596236441
3938364387
7891816
596236441
1446646701
7891816
596236441
2380984658
7891816
596236441
211818305
7891816
596236441
3312513245
7891816
596236441
2710142637
7891816
596236441
1818327015
7891816
596236441
2938236109
7891816
596236441
2759601375
7891816
596236441
245509699
7891816
596236441
3543643369
7891816
596236441
1517485420
7891816
596236441
847870995
7891816
596236441
2476591948
7891816
596236441
3827903556
7891816
596236441
5717022
7891816
596236441
1363733823
7891816
596236441
1220579617
7891816
596236441
3155901814
7891816
596236441
2488479641
7891816
596236441
2944729134
7891816
596236441
23760943
7891816
596236441
1520768652
7891816
596236441
3671712259
7891816
596236441
3619478558
7891816
596236441
2020532270
7891816
596236441
1356361824
7891816
596236441
2097439446
7891816
596236441
3133073735
7891816
596236441
239072547
7891816
596236441
1585392794
7891816
314061227
484884377
7891816
596236441
4186907212
7891816
596236441
589230375
7891816
596236441
96115431
7891816
596236441
903161877
7891816
596236441
1147503648
7891816
596236441
4208308674
7891816
596236441
2914486860
7891816
<!-- MOD_CODE ~tudm~ OPEN -->
3064642194
889499806
7891816
3064642194
98488474
7891816
3064642194
1815894659
7891816
3064642194
2383010534
7891816
3064642194
2351626825
7891816
3064642194
3195803265
7891816
3064642194
3284149696
7891816
3064642194
2335574056
7891816
3064642194
1591591352
7891816
3064642194
3086877386
7891816
3064642194
1760421224
7891816
3064642194
2224039776
7891816
3064642194
1760973598
7891816
3064642194
279555444
7891816
3064642194
3339817643
7891816
3064642194
2128416982
7891816
<!-- CLOSE -->
