V3
6
Magic_Equip
MagicForceEquip
MagicForceEquipLeft
MagicForceEquipRight
swimForceEquip
torchForceEquip
2
iLeftHandType
11
11
iRightHandType
9
9
0
129
596236441
971534062
7891816
596236441
2435512995
7891816
596236441
41385974
7891816
596236441
3406446954
7891816
596236441
1965290889
7891816
596236441
2719139470
7891816
596236441
1399382835
7891816
596236441
3680244054
7891816
596236441
3576405612
7891816
596236441
3122853704
7891816
596236441
4151497467
7891816
596236441
2851257744
7891816
596236441
3939517541
7891816
596236441
1512606442
7891816
596236441
1364746921
7891816
596236441
241647163
7891816
596236441
2132071357
7891816
596236441
1757279714
7891816
596236441
1807166133
7891816
596236441
2234169293
7891816
596236441
2275730219
7891816
596236441
1040388572
7891816
596236441
2860550650
7891816
596236441
2832908674
7891816
596236441
801422588
7891816
596236441
2449436319
7891816
596236441
1280841054
7891816
596236441
2839818482
7891816
596236441
2649230973
7891816
596236441
200470939
7891816
596236441
4024897604
7891816
596236441
1928973996
7891816
596236441
4207477273
7891816
596236441
916084304
7891816
596236441
3154875101
7891816
596236441
3708137967
7891816
596236441
4174699361
7891816
596236441
529961217
7891816
596236441
1512750508
7891816
596236441
1945801654
7891816
596236441
128645182
7891816
596236441
2433524099
7891816
596236441
1375455791
7891816
596236441
3938364387
7891816
596236441
1446646701
7891816
596236441
2380984658
7891816
596236441
211818305
7891816
596236441
3312513245
7891816
596236441
2710142637
7891816
596236441
1818327015
7891816
596236441
2938236109
7891816
596236441
2759601375
7891816
596236441
245509699
7891816
596236441
3543643369
7891816
596236441
1517485420
7891816
596236441
847870995
7891816
596236441
2476591948
7891816
596236441
3827903556
7891816
596236441
5717022
7891816
596236441
1363733823
7891816
596236441
1220579617
7891816
596236441
3155901814
7891816
596236441
2488479641
7891816
596236441
2944729134
7891816
596236441
23760943
7891816
596236441
1520768652
7891816
596236441
3671712259
7891816
596236441
3619478558
7891816
596236441
2020532270
7891816
596236441
1356361824
7891816
596236441
2097439446
7891816
596236441
3133073735
7891816
596236441
239072547
7891816
596236441
1585392794
7891816
596236441
1181148130
7891816
596236441
2715733982
7891816
596236441
3107019852
7891816
596236441
1510484211
7891816
596236441
2145933590
7891816
596236441
455159873
7891816
596236441
605766690
7891816
596236441
4069442826
7891816
596236441
1430891086
7891816
596236441
3035246889
7891816
596236441
1863968959
7891816
596236441
3495835627
7891816
596236441
2159266122
7891816
596236441
2738515944
7891816
596236441
2347815989
7891816
596236441
1808004099
7891816
314061227
484884377
7891816
596236441
2495562680
7891816
596236441
96115431
7891816
596236441
903161877
7891816
596236441
1147503648
7891816
596236441
4208308674
7891816
596236441
2914486860
7891816
596236441
1857178722
7891816
596236441
3051035031
7891816
596236441
1256253715
7891816
596236441
2704258339
7891816
596236441
256679598
7891816
596236441
3746760297
7891816
596236441
292200174
7891816
596236441
2222359092
7891816
596236441
82548259
7891816
596236441
1801438236
7891816
596236441
3304803943
7891816
596236441
4140374945
7891816
596236441
2233652615
7891816
596236441
2674997658
7891816
596236441
1606997856
7891816
596236441
762403400
7891816
596236441
1576119532
7891816
596236441
3089760177
7891816
596236441
2787866619
7891816
596236441
2062047004
7891816
596236441
3504117204
7891816
596236441
3981482205
7891816
596236441
3107362094
7891816
596236441
1034501661
7891816
596236441
2351364765
7891816
596236441
3675759335
7891816
596236441
1412251071
7891816
596236441
2998219184
7891816
596236441
1993161146
7891816
596236441
1056890588
7891816
596236441
3299552971
7891816
596236441
901420615
7891816
<!-- MOD_CODE ~tudm~ OPEN -->
3064642194
889499806
7891816
3064642194
98488474
7891816
3064642194
1815894659
7891816
3064642194
2383010534
7891816
3064642194
2351626825
7891816
3064642194
3195803265
7891816
3064642194
3284149696
7891816
3064642194
2335574056
7891816
3064642194
1591591352
7891816
3064642194
3086877386
7891816
3064642194
1760421224
7891816
3064642194
2224039776
7891816
3064642194
1760973598
7891816
3064642194
279555444
7891816
3064642194
3339817643
7891816
3064642194
2128416982
7891816
<!-- CLOSE -->
