V3
6
Magic_Equip
MagicForceEquip
MagicForceEquipLeft
MagicForceEquipRight
swimForceEquip
torchForceEquip
3
iLeftHandType
1
4
iRightHandType
9
9
iWantMountedWeaponAnims
0
0
8
attackPowerStart_SprintLeftHand
1
1
1HMLeftHand_AttackPowerForwardSprint
attackPowerStartBackLeftHand
0
1
DW_attackPowerBack
attackPowerStartDualWield
0
2
DW1HM1HM_SpecialAttackPower
DWDagDag_SpecialAttackPower
attackPowerStartForwardLeftHand
0
1
DW_AttackPowerForward
attackPowerStartInPlaceLeftHand
0
1
LeftHand_StandingPowerAttack
attackPowerStartLeftLeftHand
0
1
DW_attackPowerLeft
attackPowerStartRightLeftHand
0
1
DW_attackPowerRight
attackStartSprintLeftHand
1
1
1HMLeftHand_AttackForwardSprint
160
3064642194
2435512995
7891816
3064642194
41385974
7891816
3064642194
3406446954
7891816
3064642194
1965290889
7891816
3064642194
2719139470
7891816
3064642194
1399382835
7891816
3064642194
3680244054
7891816
3064642194
3576405612
7891816
3064642194
3122853704
7891816
3064642194
4151497467
7891816
3064642194
2851257744
7891816
3064642194
717367063
7891816
3064642194
4092822575
7891816
3064642194
3137869944
7891816
3064642194
116188346
7891816
3064642194
3939517541
7891816
3064642194
1364746921
7891816
3064642194
1524045223
7891816
3064642194
2132071357
7891816
3064642194
1757279714
7891816
3064642194
1807166133
7891816
3064642194
2289907108
7891816
3064642194
3309123159
7891816
3064642194
2681476091
7891816
3064642194
254536595
7891816
3064642194
836746979
7891816
3064642194
3412034902
7891816
3064642194
2658210583
7891816
3064642194
3536541131
7891816
3064642194
4165623954
7891816
3064642194
2234169293
7891816
3064642194
2706937331
7891816
3064642194
725689690
7891816
3064642194
3882738706
7891816
3064642194
2523638544
7891816
3064642194
2435622162
7891816
3064642194
2547090059
7891816
3064642194
2054095555
7891816
3064642194
721095873
7891816
3064642194
1615124471
7891816
3064642194
2963921951
7891816
3064642194
903659886
7891816
3064642194
4082520018
7891816
3064642194
1159813859
7891816
3064642194
1574516697
7891816
3064642194
460438195
7891816
3064642194
2275730219
7891816
3064642194
1040388572
7891816
3064642194
2860550650
7891816
3064642194
2832908674
7891816
3064642194
801422588
7891816
3064642194
2449436319
7891816
3064642194
1280841054
7891816
3064642194
2839818482
7891816
3064642194
2649230973
7891816
3064642194
200470939
7891816
3064642194
634222610
7891816
3064642194
3811617911
7891816
3064642194
2119857503
7891816
3064642194
2861825224
7891816
3064642194
4024897604
7891816
3064642194
1928973996
7891816
3064642194
4207477273
7891816
3064642194
916084304
7891816
3064642194
3154875101
7891816
3064642194
3708137967
7891816
3064642194
4174699361
7891816
3064642194
529961217
7891816
3064642194
1535123096
7891816
3064642194
1333534683
7891816
3064642194
428600395
7891816
3064642194
1512750508
7891816
3064642194
1976403784
7891816
3064642194
144112089
7891816
3064642194
1945801654
7891816
3064642194
128645182
7891816
3064642194
2433524099
7891816
3064642194
1375455791
7891816
3064642194
4192830881
7891816
3064642194
297848921
7891816
3064642194
753841044
7891816
3064642194
1991704955
7891816
3064642194
3176388239
7891816
3064642194
3273696995
7891816
3064642194
2089272310
7891816
3064642194
3938364387
7891816
3064642194
1326178189
7891816
3064642194
2561331486
7891816
3064642194
1446646701
7891816
3064642194
2380984658
7891816
3064642194
2938236109
7891816
3064642194
2759601375
7891816
3064642194
4134806053
7891816
3064642194
245509699
7891816
3064642194
3543643369
7891816
3064642194
1517485420
7891816
3064642194
847870995
7891816
3064642194
2476591948
7891816
3064642194
3827903556
7891816
3064642194
5717022
7891816
3064642194
1363733823
7891816
3064642194
1220579617
7891816
3064642194
3155901814
7891816
3064642194
2488479641
7891816
3064642194
2944729134
7891816
3064642194
23760943
7891816
3064642194
1520768652
7891816
3064642194
3671712259
7891816
3064642194
3619478558
7891816
3064642194
2020532270
7891816
3064642194
1356361824
7891816
3064642194
2097439446
7891816
3064642194
3133073735
7891816
3064642194
239072547
7891816
3064642194
1585392794
7891816
3064642194
1181148130
7891816
3064642194
2715733982
7891816
3064642194
3107019852
7891816
3064642194
1510484211
7891816
3064642194
2145933590
7891816
3064642194
455159873
7891816
3064642194
605766690
7891816
3064642194
4069442826
7891816
3064642194
1430891086
7891816
3064642194
3035246889
7891816
3064642194
1863968959
7891816
3064642194
3495835627
7891816
3064642194
2159266122
7891816
3729484155
2738515944
7891816
3064642194
2347815989
7891816
3064642194
1808004099
7891816
3537018766
484884377
7891816
3064642194
3984662989
7891816
3064642194
3725273626
7891816
3064642194
1578361781
7891816
3064642194
2357241277
7891816
3064642194
915643791
7891816
3064642194
3511510895
7891816
3064642194
96115431
7891816
3064642194
903161877
7891816
3064642194
1147503648
7891816
3064642194
4208308674
7891816
3064642194
2914486860
7891816
3064642194
1857178722
7891816
3064642194
3051035031
7891816
3064642194
1256253715
7891816
3064642194
2704258339
7891816
3064642194
256679598
7891816
3064642194
3746760297
7891816
3064642194
292200174
7891816
3064642194
2222359092
7891816
3064642194
82548259
7891816
3064642194
1801438236
7891816
3064642194
3304803943
7891816
3064642194
4140374945
7891816
3064642194
2233652615
7891816
3064642194
2674997658
7891816
3064642194
1606997856
7891816
3064642194
762403400
7891816
3064642194
1576119532
7891816
<!-- MOD_CODE ~tudm~ OPEN -->
3064642194
889499806
7891816
3064642194
98488474
7891816
3064642194
1815894659
7891816
3064642194
2383010534
7891816
3064642194
2351626825
7891816
3064642194
3195803265
7891816
3064642194
3284149696
7891816
3064642194
2335574056
7891816
3064642194
1591591352
7891816
3064642194
3086877386
7891816
3064642194
1760421224
7891816
3064642194
2224039776
7891816
3064642194
1760973598
7891816
3064642194
279555444
7891816
3064642194
3339817643
7891816
3064642194
2128416982
7891816
1237907633
2743162131
7891816
1237907633
517906993
7891816
1237907633
2063682964
7891816
1237907633
1004795722
7891816
1237907633
3427962763
7891816
1237907633
3690703316
7891816
1237907633
2763979120
7891816
1237907633
4119610543
7891816
1237907633
3506660089
7891816
1237907633
837275542
7891816
1237907633
1015465386
7891816
1237907633
3164549303
7891816
1237907633
3420701365
7891816
1237907633
2652614869
7891816
1237907633
2811833010
7891816
1237907633
1269662
7891816
1237907633
1936390592
7891816
1237907633
4151663938
7891816
1237907633
382820646
7891816
1237907633
4231298330
7891816
1237907633
2272003133
7891816
1237907633
3841950460
7891816
1237907633
2436126113
7891816
1237907633
1614665602
7891816
1237907633
3018804375
7891816
1237907633
1258552767
7891816
1237907633
1367585805
7891816
1237907633
1530653469
7891816
1237907633
1415889106
7891816
1237907633
2326649138
7891816
1237907633
3696896674
7891816
1237907633
3188573157
7891816
1237907633
2954641825
7891816
1237907633
1668001377
7891816
1237907633
626856548
7891816
1237907633
1864494151
7891816
1237907633
4128070635
7891816
1237907633
4125601296
7891816
1237907633
3135832004
7891816
1237907633
2035539761
7891816
1237907633
727030495
7891816
1237907633
116482058
7891816
1237907633
393909326
7891816
1237907633
3847910825
7891816
1237907633
2329549156
7891816
1237907633
1568348151
7891816
1237907633
1051789268
7891816
1237907633
2757473246
7891816
1237907633
2697278087
7891816
1237907633
2220504103
7891816
1237907633
1392211093
7891816
1237907633
3413371050
7891816
1237907633
1312230489
7891816
1237907633
3015431092
7891816
1237907633
2995694998
7891816
1237907633
1157252610
7891816
1237907633
1158487050
7891816
1237907633
2900881256
7891816
1237907633
2510979066
7891816
1237907633
3270815307
7891816
1237907633
3945298482
7891816
1237907633
3937120195
7891816
1237907633
3196217541
7891816
1237907633
2971973051
7891816
1237907633
4262305426
7891816
1237907633
1373610658
7891816
1237907633
109048242
7891816
1237907633
1927330972
7891816
1237907633
444204054
7891816
1237907633
4146611190
7891816
1237907633
968780141
7891816
1237907633
1180203963
7891816
1237907633
1164054435
7891816
1237907633
3758982029
7891816
1237907633
1579712429
7891816
1237907633
152936961
7891816
1237907633
2756144292
7891816
1237907633
3326795252
7891816
<!-- CLOSE -->
