V3
6
MagicWeap_ForceEquip
swimForceEquip
WeapEquip
WeapOutLeftReplaceForceEquip
WeapOutRightReplaceForceEquip
WeapSoloEquip
3
iLeftHandType
0
0
iRightHandType
1
4
iWantMountedWeaponAnims
0
0
10
attackPowerStart_Sprint
1
1
AttackPowerForwardSprint
attackPowerStartBackward
0
1
1HM_AttackPowerBwdUncropped
attackPowerStartForward
0
1
1HM_AttackPowerFwdUncropped
attackPowerStartInPlace
0
1
1HM_AttackPower_Intro
attackPowerStartLeft
0
1
1HM_AttackPowerLeftUncropped
attackPowerStartRight
0
1
1HM_AttackPowerRightUncropped
attackStart
1
2
1HM_AttackLeft
1HM_AttackRight
attackStartSprint
1
1
1HM_AttackForwardSprint
bashPowerStart
0
1
1HM_BashPower
bashStart
0
1
1HM_BlockBash
178
3064642194
2909749619
7891816
3064642194
2458046085
7891816
3064642194
2457187228
7891816
3064642194
2816185793
7891816
3064642194
3970489581
7891816
3064642194
2435512995
7891816
3064642194
3953226801
7891816
3064642194
1148510611
7891816
3064642194
1285136907
7891816
3064642194
3097223541
7891816
3064642194
1586235518
7891816
3064642194
2922338691
7891816
3064642194
1342336532
7891816
3064642194
729877109
7891816
3064642194
2584661749
7891816
3064642194
1547022949
7891816
3064642194
120713643
7891816
3064642194
2654511121
7891816
3064642194
841177565
7891816
3064642194
3752210621
7891816
3064642194
430754869
7891816
3064642194
41385974
7891816
3064642194
3495566917
7891816
3064642194
599653141
7891816
3064642194
158590282
7891816
3064642194
3636541339
7891816
3064642194
1252987181
7891816
3064642194
1615783792
7891816
3064642194
1019110246
7891816
3064642194
1609908952
7891816
3064642194
2167827994
7891816
3064642194
804261126
7891816
3064642194
3364256187
7891816
3064642194
840357759
7891816
3064642194
3847450222
7891816
3064642194
4228319728
7891816
3064642194
1415419358
7891816
3064642194
2560286977
7891816
3064642194
3331850468
7891816
3064642194
1472723945
7891816
3064642194
3830826139
7891816
3064642194
3552282590
7891816
3064642194
1122110236
7891816
3064642194
3323979510
7891816
3064642194
4233791795
7891816
3064642194
2199525116
7891816
3064642194
630090252
7891816
3064642194
569047608
7891816
3064642194
2353493804
7891816
3064642194
4170443117
7891816
3064642194
371235352
7891816
3064642194
3406446954
7891816
3064642194
1965290889
7891816
3064642194
2719139470
7891816
3064642194
1399382835
7891816
3064642194
3566141032
7891816
3064642194
704396309
7891816
3064642194
1255975470
7891816
3064642194
1045764682
7891816
3064642194
3018647936
7891816
3064642194
3680244054
7891816
3064642194
3576405612
7891816
3064642194
3122853704
7891816
3064642194
4151497467
7891816
3064642194
2851257744
7891816
3064642194
717367063
7891816
3064642194
4092822575
7891816
3064642194
3137869944
7891816
3064642194
116188346
7891816
3064642194
2057874594
7891816
3064642194
2204898382
7891816
3064642194
3043271431
7891816
3064642194
4126550136
7891816
3064642194
2986472138
7891816
3064642194
618251804
7891816
3064642194
3090653222
7891816
3064642194
4151223881
7891816
3064642194
2879267423
7891816
3064642194
3592551754
7891816
3064642194
3735340627
7891816
3064642194
829959121
7891816
3064642194
1778352864
7891816
3064642194
3366425132
7891816
3064642194
399236965
7891816
3064642194
1797736649
7891816
3064642194
3716753996
7891816
3064642194
3339209032
7891816
3064642194
3624937011
7891816
3064642194
2915721888
7891816
3064642194
3150408914
7891816
3064642194
3442712841
7891816
3064642194
1304256640
7891816
3064642194
3736480167
7891816
3064642194
4087381406
7891816
3064642194
2353364320
7891816
3064642194
1026008413
7891816
3064642194
1349116081
7891816
3064642194
3661823834
7891816
3064642194
3939517541
7891816
3064642194
946735196
7891816
3064642194
615182863
7891816
3064642194
1456016414
7891816
3064642194
2589363305
7891816
3064642194
3537052408
7891816
3064642194
1524045223
7891816
3064642194
2132071357
7891816
3064642194
1757279714
7891816
3064642194
1807166133
7891816
3064642194
3266977313
7891816
3064642194
4101131633
7891816
3064642194
1181148130
7891816
3064642194
2715733982
7891816
3064642194
3107019852
7891816
3064642194
1510484211
7891816
3064642194
2145933590
7891816
3064642194
455159873
7891816
3064642194
605766690
7891816
3064642194
4069442826
7891816
3064642194
1430891086
7891816
3064642194
3035246889
7891816
3064642194
1863968959
7891816
3064642194
3495835627
7891816
3064642194
2159266122
7891816
911414905
2738515944
7891816
3064642194
2347815989
7891816
3064642194
3983388928
7891816
3064642194
130665193
7891816
1752209013
1735014173
7891816
1752209013
3459934718
7891816
1048427842
1480961841
7891816
1048427842
240774725
7891816
599466600
3390673982
7891816
599466600
3688064675
7891816
3064642194
1261343578
7891816
3064642194
2054001506
7891816
3064642194
1519395760
7891816
3501565950
2396462249
7891816
3064642194
225092596
7891816
3064642194
2467182167
7891816
3064642194
4151314546
7891816
3064642194
834924602
7891816
3064642194
2150337414
7891816
3064642194
485537069
7891816
2470885837
251919450
7891816
3064642194
3825796801
7891816
3064642194
2097174395
7891816
3064642194
168257517
7891816
4219502115
1996169074
7891816
3064642194
2595781244
7891816
3064642194
3988736746
7891816
3064642194
1958091600
7891816
3064642194
61942726
7891816
3064642194
2648030821
7891816
3064642194
3939667699
7891816
4219502115
3406903057
7891816
3064642194
1691330871
7891816
3064642194
331913633
7891816
3064642194
2376862722
7891816
4219502115
3784203698
7891816
4219502115
1885619346
7891816
3064642194
1808004099
7891816
3537018766
484884377
7891816
3064642194
2671799462
7891816
3064642194
3188858243
7891816
3064642194
3001847774
7891816
3064642194
270461052
7891816
3064642194
3984662989
7891816
3064642194
3725273626
7891816
3064642194
131220912
7891816
3064642194
1578361781
7891816
3064642194
2357241277
7891816
3064642194
915643791
7891816
3064642194
3511510895
7891816
3064642194
96115431
7891816
3064642194
903161877
7891816
3064642194
1147503648
7891816
3064642194
4208308674
7891816
3064642194
2914486860
7891816
<!-- MOD_CODE ~zcbe~ OPEN -->
152207557
1237425902
7891816
<!-- CLOSE -->
