V3
5
MagicWeap_ForceEquip
swimForceEquip
WeapEquip
WeapOutLeftReplaceForceEquip
WeapOutRightReplaceForceEquip
3
iLeftHandType
9
9
iRightHandType
1
4
iWantMountedWeaponAnims
0
0
8
attackPowerStart_Sprint
1
1
AttackPowerForwardSprint
attackPowerStartBackward
0
1
1HM_AttackPowerBwdUncropped
attackPowerStartForward
0
1
1HM_AttackPowerFwdUncropped
attackPowerStartInPlace
0
1
1HM_AttackPower_Intro
attackPowerStartLeft
0
1
1HM_AttackPowerLeftUncropped
attackPowerStartRight
0
1
1HM_AttackPowerRightUncropped
attackStart
1
2
1HM_AttackLeft
1HM_AttackRight
attackStartSprint
1
1
1HM_AttackForwardSprint
204
3064642194
2909749619
7891816
3064642194
2458046085
7891816
3064642194
2816185793
7891816
3064642194
3970489581
7891816
3064642194
2435512995
7891816
3064642194
3953226801
7891816
3064642194
1148510611
7891816
3064642194
1285136907
7891816
3064642194
3097223541
7891816
3064642194
3752210621
7891816
3064642194
430754869
7891816
3064642194
41385974
7891816
3064642194
3495566917
7891816
3064642194
599653141
7891816
3064642194
158590282
7891816
3064642194
3636541339
7891816
3064642194
1252987181
7891816
3064642194
1615783792
7891816
3064642194
1019110246
7891816
3064642194
2167827994
7891816
3064642194
3364256187
7891816
3064642194
840357759
7891816
3064642194
3847450222
7891816
3064642194
4228319728
7891816
3064642194
2560286977
7891816
3064642194
1472723945
7891816
3064642194
3830826139
7891816
3064642194
1122110236
7891816
3064642194
4233791795
7891816
3064642194
2199525116
7891816
3064642194
569047608
7891816
3064642194
4170443117
7891816
3064642194
371235352
7891816
3064642194
3406446954
7891816
3064642194
1965290889
7891816
3064642194
2719139470
7891816
3064642194
1399382835
7891816
3064642194
3566141032
7891816
3064642194
704396309
7891816
3064642194
1255975470
7891816
3064642194
1045764682
7891816
3064642194
3018647936
7891816
3064642194
3680244054
7891816
3064642194
3576405612
7891816
3064642194
3122853704
7891816
3064642194
4151497467
7891816
3064642194
2851257744
7891816
3064642194
717367063
7891816
3064642194
4092822575
7891816
3064642194
3137869944
7891816
3064642194
116188346
7891816
3064642194
2057874594
7891816
3064642194
2204898382
7891816
3064642194
3043271431
7891816
3064642194
4126550136
7891816
3064642194
2986472138
7891816
3064642194
618251804
7891816
3064642194
3090653222
7891816
3064642194
4151223881
7891816
3064642194
2879267423
7891816
3064642194
3735340627
7891816
3064642194
1778352864
7891816
3064642194
3366425132
7891816
3064642194
399236965
7891816
3064642194
1797736649
7891816
3064642194
3339209032
7891816
3064642194
2915721888
7891816
3064642194
3150408914
7891816
3064642194
1304256640
7891816
3064642194
4087381406
7891816
3064642194
2353364320
7891816
3064642194
1349116081
7891816
3064642194
3939517541
7891816
3064642194
615182863
7891816
3064642194
1456016414
7891816
3064642194
2589363305
7891816
3064642194
3537052408
7891816
3064642194
1524045223
7891816
3064642194
2132071357
7891816
3064642194
1757279714
7891816
3064642194
1807166133
7891816
3064642194
3266977313
7891816
3064642194
4101131633
7891816
3064642194
2275730219
7891816
3064642194
1040388572
7891816
3064642194
2860550650
7891816
3064642194
2832908674
7891816
3064642194
801422588
7891816
3064642194
2449436319
7891816
3064642194
1280841054
7891816
3064642194
2839818482
7891816
3064642194
2649230973
7891816
3064642194
200470939
7891816
3064642194
634222610
7891816
3064642194
3811617911
7891816
3064642194
2119857503
7891816
3064642194
2861825224
7891816
3064642194
4024897604
7891816
3064642194
1928973996
7891816
3064642194
4207477273
7891816
3064642194
916084304
7891816
3064642194
3154875101
7891816
3064642194
3708137967
7891816
3064642194
4174699361
7891816
3064642194
529961217
7891816
3064642194
1535123096
7891816
3064642194
1333534683
7891816
3064642194
428600395
7891816
3064642194
1512750508
7891816
3064642194
1976403784
7891816
3064642194
144112089
7891816
3064642194
1945801654
7891816
3064642194
128645182
7891816
3064642194
2433524099
7891816
3064642194
1375455791
7891816
3064642194
4192830881
7891816
3064642194
297848921
7891816
3064642194
753841044
7891816
3064642194
1991704955
7891816
3064642194
3176388239
7891816
3064642194
3273696995
7891816
3064642194
2089272310
7891816
3064642194
3938364387
7891816
3064642194
1326178189
7891816
3064642194
2561331486
7891816
3064642194
1446646701
7891816
3064642194
2380984658
7891816
3064642194
2938236109
7891816
3064642194
444209334
7891816
3064642194
1061595044
7891816
3064642194
2525573151
7891816
3064642194
345200390
7891816
3064642194
2759601375
7891816
3064642194
1224754600
7891816
3064642194
3850240764
7891816
3064642194
3804307443
7891816
3064642194
531187541
7891816
3064642194
515240138
7891816
3064642194
2059334979
7891816
3064642194
964314741
7891816
3064642194
1252802252
7891816
3064642194
940384628
7891816
3064642194
214988647
7891816
3064642194
602341953
7891816
3064642194
3200985115
7891816
3064642194
4260436364
7891816
3064642194
1250569287
7891816
3064642194
1088315209
7891816
3064642194
2734670679
7891816
3064642194
4134806053
7891816
3064642194
3543643369
7891816
3064642194
2347815989
7891816
3064642194
3983388928
7891816
3064642194
130665193
7891816
1752209013
1735014173
7891816
1752209013
3459934718
7891816
1048427842
1480961841
7891816
1048427842
240774725
7891816
599466600
3390673982
7891816
599466600
3688064675
7891816
3064642194
1261343578
7891816
3064642194
2054001506
7891816
3064642194
1519395760
7891816
3501565950
2396462249
7891816
3064642194
225092596
7891816
3064642194
2467182167
7891816
3064642194
4151314546
7891816
3064642194
834924602
7891816
2470885837
251919450
7891816
3064642194
3825796801
7891816
3064642194
2097174395
7891816
3064642194
168257517
7891816
4219502115
1996169074
7891816
3064642194
2595781244
7891816
3064642194
3988736746
7891816
3064642194
1958091600
7891816
3064642194
61942726
7891816
3064642194
2648030821
7891816
3064642194
3939667699
7891816
4219502115
3406903057
7891816
3064642194
1691330871
7891816
3064642194
331913633
7891816
3064642194
2376862722
7891816
4219502115
3784203698
7891816
4219502115
1885619346
7891816
3064642194
1808004099
7891816
3537018766
484884377
7891816
3064642194
2671799462
7891816
3064642194
3188858243
7891816
3064642194
3001847774
7891816
3064642194
270461052
7891816
3064642194
3984662989
7891816
3064642194
3725273626
7891816
3064642194
131220912
7891816
3064642194
1578361781
7891816
3064642194
2357241277
7891816
3064642194
915643791
7891816
3064642194
3511510895
7891816
3064642194
96115431
7891816
3064642194
903161877
7891816
3064642194
1147503648
7891816
3064642194
4208308674
7891816
3064642194
2914486860
7891816
3064642194
1365593872
7891816
<!-- MOD_CODE ~tudm~ OPEN -->
3064642194
889499806
7891816
3064642194
98488474
7891816
3064642194
1815894659
7891816
3064642194
2383010534
7891816
3064642194
2351626825
7891816
3064642194
3195803265
7891816
3064642194
3284149696
7891816
3064642194
2335574056
7891816
3064642194
1591591352
7891816
3064642194
3086877386
7891816
3064642194
1760421224
7891816
3064642194
2224039776
7891816
3064642194
1760973598
7891816
3064642194
279555444
7891816
3064642194
3339817643
7891816
3064642194
2128416982
7891816
1237907633
2867499011
7891816
1237907633
1801736131
7891816
1237907633
4068878786
7891816
1237907633
856225282
7891816
1237907633
439608193
7891816
1237907633
2743162131
7891816
1237907633
517906993
7891816
1237907633
2063682964
7891816
1237907633
1004795722
7891816
1237907633
1505807654
7891816
1237907633
2220233891
7891816
1237907633
966555757
7891816
1237907633
3825902056
7891816
1237907633
2574886832
7891816
1237907633
2548870713
7891816
1237907633
1449292281
7891816
1237907633
3481278456
7891816
1237907633
235849784
7891816
1237907633
657841595
7891816
1237907633
3171431410
7891816
1237907633
1621027447
7891816
1237907633
3713304249
7891816
1237907633
12738364
7891816
1237907633
2108774756
7891816
1237907633
688967775
7891816
1237907633
3902672799
7891816
1237907633
1903978910
7891816
1237907633
2968696414
7891816
1237907633
2580128733
7891816
1237907633
1481079837
7891816
1237907633
957488404
7891816
1237907633
3833906321
7891816
1237907633
1498327135
7891816
1237907633
2228777434
7891816
1237907633
4188764034
7891816
1237907633
608022023
7891816
1237907633
3427962763
7891816
1237907633
3690703316
7891816
1237907633
2763979120
7891816
1237907633
1912357399
7891816
1237907633
2960301527
7891816
1237907633
531853981
7891816
1237907633
3257248536
7891816
1237907633
3506660089
7891816
1237907633
837275542
7891816
1237907633
1015465386
7891816
1237907633
3164549303
7891816
1237907633
3420701365
7891816
1237907633
2652614869
7891816
1237907633
2811833010
7891816
1237907633
1269662
7891816
1237907633
1936390592
7891816
1237907633
4151663938
7891816
1237907633
382820646
7891816
1237907633
4231298330
7891816
1237907633
2272003133
7891816
1237907633
3841950460
7891816
1237907633
2436126113
7891816
1237907633
1614665602
7891816
1237907633
3018804375
7891816
1237907633
1258552767
7891816
1237907633
1367585805
7891816
1237907633
1530653469
7891816
1237907633
1415889106
7891816
1237907633
2326649138
7891816
1237907633
3696896674
7891816
1237907633
3188573157
7891816
1237907633
2954641825
7891816
1237907633
1668001377
7891816
1237907633
626856548
7891816
1237907633
1864494151
7891816
1237907633
4128070635
7891816
1237907633
4125601296
7891816
1237907633
3135832004
7891816
1237907633
2035539761
7891816
1237907633
727030495
7891816
1237907633
116482058
7891816
1237907633
393909326
7891816
1237907633
3847910825
7891816
1237907633
2329549156
7891816
1237907633
1568348151
7891816
1237907633
1051789268
7891816
1237907633
2757473246
7891816
1237907633
2697278087
7891816
1237907633
1904693006
7891816
1237907633
1916699013
7891816
1237907633
1398339318
7891816
1237907633
14067251
7891816
1237907633
2220504103
7891816
1237907633
531088506
7891816
1237907633
2714990816
7891816
1237907633
1268150431
7891816
1237907633
200062560
7891816
1237907633
4203908739
7891816
1237907633
1393539023
7891816
1237907633
1876805543
7891816
1237907633
234964176
7891816
1237907633
3553369752
7891816
1237907633
3908503854
7891816
1237907633
1209685497
7891816
1237907633
2541382295
7891816
1237907633
2874579038
7891816
1237907633
1164898829
7891816
1237907633
1419488892
7891816
1237907633
195603515
7891816
1237907633
1392211093
7891816
1237907633
3758982029
7891816
1237907633
1579712429
7891816
1237907633
152936961
7891816
1237907633
2756144292
7891816
1237907633
3326795252
7891816
<!-- CLOSE -->
