V3
6
MagicWeap_ForceEquip
swimForceEquip
torchForceEquip
WeapEquip
WeapOutLeftReplaceForceEquip
WeapOutRightReplaceForceEquip
3
iLeftHandType
11
11
iRightHandType
1
4
iWantMountedWeaponAnims
0
0
10
attackPowerStart_Sprint
1
1
AttackPowerForwardSprint
attackPowerStartBackward
0
1
1HM_AttackPowerBwdUncropped
attackPowerStartForward
0
1
1HM_AttackPowerFwdUncropped
attackPowerStartInPlace
0
1
1HM_AttackPower_Intro
attackPowerStartLeft
0
1
1HM_AttackPowerLeftUncropped
attackPowerStartRight
0
1
1HM_AttackPowerRightUncropped
attackStart
1
2
1HM_AttackLeft
1HM_AttackRight
attackStartSprint
1
1
1HM_AttackForwardSprint
bashPowerStart
0
1
Tor_BashPower
bashStart
0
1
Tor_Bash
158
3064642194
2909749619
7891816
3064642194
2458046085
7891816
3064642194
2816185793
7891816
3064642194
3970489581
7891816
3064642194
2435512995
7891816
3064642194
3953226801
7891816
3064642194
1148510611
7891816
3064642194
1285136907
7891816
3064642194
3097223541
7891816
3064642194
3752210621
7891816
3064642194
430754869
7891816
3064642194
41385974
7891816
3064642194
3495566917
7891816
3064642194
599653141
7891816
3064642194
158590282
7891816
3064642194
3636541339
7891816
3064642194
1252987181
7891816
3064642194
1615783792
7891816
3064642194
1019110246
7891816
3064642194
2167827994
7891816
3064642194
3364256187
7891816
3064642194
840357759
7891816
3064642194
3847450222
7891816
3064642194
4228319728
7891816
3064642194
2560286977
7891816
3064642194
1472723945
7891816
3064642194
3830826139
7891816
3064642194
1122110236
7891816
3064642194
4233791795
7891816
3064642194
2199525116
7891816
3064642194
569047608
7891816
3064642194
4170443117
7891816
3064642194
371235352
7891816
3064642194
3406446954
7891816
3064642194
1965290889
7891816
3064642194
2719139470
7891816
3064642194
1399382835
7891816
3064642194
3566141032
7891816
3064642194
704396309
7891816
3064642194
1255975470
7891816
3064642194
1045764682
7891816
3064642194
3018647936
7891816
3064642194
3680244054
7891816
3064642194
3576405612
7891816
3064642194
3122853704
7891816
3064642194
4151497467
7891816
3064642194
2851257744
7891816
3064642194
717367063
7891816
3064642194
4092822575
7891816
3064642194
3137869944
7891816
3064642194
116188346
7891816
3064642194
2057874594
7891816
3064642194
2204898382
7891816
3064642194
3043271431
7891816
3064642194
4126550136
7891816
3064642194
2986472138
7891816
3064642194
618251804
7891816
3064642194
3090653222
7891816
3064642194
4151223881
7891816
3064642194
2879267423
7891816
3064642194
3735340627
7891816
3064642194
1778352864
7891816
3064642194
3366425132
7891816
3064642194
399236965
7891816
3064642194
1797736649
7891816
3064642194
3339209032
7891816
3064642194
2915721888
7891816
3064642194
3150408914
7891816
3064642194
1304256640
7891816
3064642194
4087381406
7891816
3064642194
2353364320
7891816
3064642194
1349116081
7891816
3064642194
3939517541
7891816
3064642194
615182863
7891816
3064642194
1456016414
7891816
3064642194
241647163
7891816
3064642194
2589363305
7891816
3064642194
3537052408
7891816
3064642194
1524045223
7891816
3064642194
2132071357
7891816
3064642194
1757279714
7891816
3064642194
1807166133
7891816
3064642194
2289907108
7891816
3064642194
3309123159
7891816
3064642194
2681476091
7891816
3064642194
254536595
7891816
3064642194
3536541131
7891816
3064642194
4165623954
7891816
3064642194
2282126496
7891816
3064642194
2234169293
7891816
3064642194
725689690
7891816
3064642194
3882738706
7891816
3064642194
2523638544
7891816
3064642194
2435622162
7891816
3064642194
2547090059
7891816
3064642194
2054095555
7891816
3064642194
721095873
7891816
3064642194
1615124471
7891816
3064642194
3266977313
7891816
3064642194
4101131633
7891816
3064642194
2347815989
7891816
3064642194
3983388928
7891816
3064642194
130665193
7891816
1752209013
1735014173
7891816
1752209013
3459934718
7891816
1048427842
1480961841
7891816
1048427842
240774725
7891816
599466600
3390673982
7891816
599466600
3688064675
7891816
3064642194
1261343578
7891816
3064642194
2054001506
7891816
3064642194
1519395760
7891816
3501565950
2396462249
7891816
3064642194
225092596
7891816
3064642194
2467182167
7891816
3064642194
4151314546
7891816
3064642194
834924602
7891816
3064642194
2150337414
7891816
3064642194
485537069
7891816
2470885837
251919450
7891816
3064642194
3825796801
7891816
3064642194
2097174395
7891816
3064642194
168257517
7891816
4219502115
1996169074
7891816
3064642194
2595781244
7891816
3064642194
3988736746
7891816
3064642194
1958091600
7891816
3064642194
61942726
7891816
3064642194
2648030821
7891816
3064642194
3939667699
7891816
4219502115
3406903057
7891816
3064642194
1691330871
7891816
3064642194
331913633
7891816
3064642194
2376862722
7891816
4219502115
3784203698
7891816
4219502115
1885619346
7891816
3064642194
1808004099
7891816
3537018766
484884377
7891816
3064642194
3984662989
7891816
3064642194
3725273626
7891816
3064642194
131220912
7891816
3064642194
1578361781
7891816
3064642194
2357241277
7891816
3064642194
915643791
7891816
3064642194
3511510895
7891816
3064642194
96115431
7891816
3064642194
903161877
7891816
3064642194
1147503648
7891816
3064642194
4208308674
7891816
3064642194
2914486860
7891816
3064642194
2787866619
7891816
3064642194
3981482205
7891816
3064642194
3107362094
7891816
3064642194
1034501661
7891816
3064642194
2351364765
7891816
3064642194
3675759335
7891816
3064642194
1412251071
7891816
3064642194
2998219184
7891816
<!-- MOD_CODE ~tudm~ OPEN -->
3064642194
889499806
7891816
3064642194
98488474
7891816
3064642194
1815894659
7891816
3064642194
2383010534
7891816
3064642194
2351626825
7891816
3064642194
3195803265
7891816
3064642194
3284149696
7891816
3064642194
2335574056
7891816
3064642194
1591591352
7891816
3064642194
3086877386
7891816
3064642194
1760421224
7891816
3064642194
2224039776
7891816
3064642194
1760973598
7891816
3064642194
279555444
7891816
3064642194
3339817643
7891816
3064642194
2128416982
7891816
1237907633
2867499011
7891816
1237907633
1801736131
7891816
1237907633
4068878786
7891816
1237907633
856225282
7891816
1237907633
439608193
7891816
1237907633
2743162131
7891816
1237907633
517906993
7891816
1237907633
2063682964
7891816
1237907633
1004795722
7891816
1237907633
1505807654
7891816
1237907633
2220233891
7891816
1237907633
966555757
7891816
1237907633
3825902056
7891816
1237907633
2574886832
7891816
1237907633
2548870713
7891816
1237907633
1449292281
7891816
1237907633
3481278456
7891816
1237907633
235849784
7891816
1237907633
657841595
7891816
1237907633
3171431410
7891816
1237907633
1621027447
7891816
1237907633
3713304249
7891816
1237907633
12738364
7891816
1237907633
2108774756
7891816
1237907633
688967775
7891816
1237907633
3902672799
7891816
1237907633
1903978910
7891816
1237907633
2968696414
7891816
1237907633
2580128733
7891816
1237907633
1481079837
7891816
1237907633
957488404
7891816
1237907633
3833906321
7891816
1237907633
1498327135
7891816
1237907633
2228777434
7891816
1237907633
4188764034
7891816
1237907633
608022023
7891816
1237907633
3427962763
7891816
1237907633
3690703316
7891816
1237907633
2763979120
7891816
1237907633
1912357399
7891816
1237907633
2960301527
7891816
1237907633
531853981
7891816
1237907633
3257248536
7891816
1237907633
3758982029
7891816
1237907633
1579712429
7891816
1237907633
152936961
7891816
1237907633
2756144292
7891816
1237907633
3326795252
7891816
<!-- CLOSE -->
