V3
4
Magic_Equip
MagicForceEquip
MagicForceEquipLeft
MagicForceEquipRight
3
iLeftHandType
9
9
iRightHandType
8
8
iWantMountedWeaponAnims
2
2
0
57
3064642194
3406446954
7891816
3064642194
1965290889
7891816
3064642194
2719139470
7891816
3064642194
1399382835
7891816
3064642194
1524045223
7891816
3537018766
3651770697
7891816
3537018766
609036037
7891816
3064642194
3730865909
7891816
3064642194
1985483836
7891816
3064642194
2425759862
7891816
3064642194
2176194038
7891816
3064642194
1468827536
7891816
3064642194
1667887448
7891816
3064642194
2107587344
7891816
3064642194
1087259198
7891816
3064642194
1710397901
7891816
3064642194
2201789831
7891816
3537018766
366766706
7891816
3537018766
1652301692
7891816
3064642194
2525573151
7891816
3064642194
345200390
7891816
3064642194
1538809610
7891816
3064642194
2759601375
7891816
3064642194
1224754600
7891816
3064642194
3850240764
7891816
3064642194
3804307443
7891816
3064642194
531187541
7891816
3064642194
515240138
7891816
3064642194
2059334979
7891816
3064642194
964314741
7891816
3064642194
1252802252
7891816
3064642194
940384628
7891816
3064642194
214988647
7891816
3064642194
602341953
7891816
3064642194
3200985115
7891816
3064642194
4260436364
7891816
3064642194
1250569287
7891816
3064642194
2212059164
7891816
3064642194
1088315209
7891816
3064642194
2734670679
7891816
3064642194
4134806053
7891816
3064642194
245509699
7891816
3064642194
605638609
7891816
3064642194
3543643369
7891816
3064642194
4238486285
7891816
3064642194
2476591948
7891816
3064642194
1863968959
7891816
3064642194
3495835627
7891816
3064642194
2159266122
7891816
3064642194
1664873292
7891816
3064642194
4279414397
7891816
3064642194
726572543
7891816
3064642194
893741256
7891816
3064642194
4280603660
7891816
3064642194
2276817352
7891816
3064642194
677856760
7891816
3064642194
841562283
7891816
<!-- MOD_CODE ~tudm~ OPEN -->
3064642194
2335574056
7891816
3064642194
889499806
7891816
3064642194
98488474
7891816
3064642194
1815894659
7891816
3064642194
2383010534
7891816
3064642194
2351626825
7891816
3064642194
3195803265
7891816
3064642194
3284149696
7891816
3064642194
1591591352
7891816
3064642194
2224039776
7891816
3064642194
1760973598
7891816
3064642194
279555444
7891816
3064642194
3339817643
7891816
3064642194
2128416982
7891816
3064642194
3086877386
7891816
3064642194
1760421224
7891816
<!-- CLOSE -->
