V3
5
Magic_Equip
MagicForceEquip
MagicForceEquipLeft
MagicForceEquipRight
swimForceEquip
3
iLeftHandType
8
8
iRightHandType
8
8
iWantMountedWeaponAnims
0
0
0
140
3064642194
2435512995
7891816
3064642194
41385974
7891816
3064642194
3406446954
7891816
3064642194
1965290889
7891816
3064642194
2719139470
7891816
3064642194
1399382835
7891816
3064642194
3680244054
7891816
3064642194
3576405612
7891816
3064642194
3122853704
7891816
3064642194
4151497467
7891816
3064642194
2851257744
7891816
3064642194
717367063
7891816
3064642194
4092822575
7891816
3064642194
3137869944
7891816
3064642194
116188346
7891816
3064642194
3939517541
7891816
3064642194
1364746921
7891816
3064642194
1524045223
7891816
3064642194
3730865909
7891816
3064642194
1985483836
7891816
3064642194
2425759862
7891816
3064642194
2176194038
7891816
3064642194
1468827536
7891816
3064642194
1667887448
7891816
3064642194
2107587344
7891816
3064642194
1087259198
7891816
3064642194
1710397901
7891816
3064642194
2201789831
7891816
3064642194
2132071357
7891816
3064642194
1757279714
7891816
3064642194
1807166133
7891816
3064642194
2275730219
7891816
3064642194
1040388572
7891816
3064642194
2860550650
7891816
3064642194
2832908674
7891816
3064642194
801422588
7891816
3064642194
2449436319
7891816
3064642194
1280841054
7891816
3064642194
2839818482
7891816
3064642194
2649230973
7891816
3064642194
200470939
7891816
3064642194
634222610
7891816
3064642194
3811617911
7891816
3064642194
2119857503
7891816
3064642194
2861825224
7891816
3064642194
4024897604
7891816
3064642194
1928973996
7891816
3064642194
4207477273
7891816
3064642194
916084304
7891816
3064642194
3154875101
7891816
3064642194
3708137967
7891816
3064642194
4174699361
7891816
3064642194
529961217
7891816
3064642194
1535123096
7891816
3064642194
1333534683
7891816
3064642194
428600395
7891816
3064642194
1512750508
7891816
3064642194
1976403784
7891816
3064642194
144112089
7891816
3064642194
1945801654
7891816
3064642194
128645182
7891816
3064642194
2433524099
7891816
3064642194
1375455791
7891816
3064642194
3176388239
7891816
3064642194
3273696995
7891816
3064642194
2089272310
7891816
3064642194
3938364387
7891816
3064642194
1326178189
7891816
3064642194
2561331486
7891816
3064642194
1446646701
7891816
3064642194
2380984658
7891816
3064642194
2938236109
7891816
3064642194
1538809610
7891816
3064642194
2212059164
7891816
3064642194
3543643369
7891816
3064642194
2476591948
7891816
3064642194
2715733982
7891816
3064642194
1863968959
7891816
3064642194
3495835627
7891816
3064642194
2159266122
7891816
3729484155
2738515944
7891816
3064642194
1808004099
7891816
3064642194
1578361781
7891816
3064642194
2357241277
7891816
3064642194
915643791
7891816
3064642194
3511510895
7891816
3064642194
96115431
7891816
3064642194
903161877
7891816
3064642194
1147503648
7891816
3064642194
4208308674
7891816
3064642194
2914486860
7891816
3064642194
1857178722
7891816
3064642194
3051035031
7891816
3064642194
1256253715
7891816
3064642194
2704258339
7891816
3064642194
256679598
7891816
3064642194
3746760297
7891816
3064642194
292200174
7891816
3064642194
2222359092
7891816
3064642194
82548259
7891816
3064642194
1801438236
7891816
3064642194
3304803943
7891816
3064642194
4140374945
7891816
3064642194
2233652615
7891816
3064642194
2674997658
7891816
3064642194
1606997856
7891816
3064642194
762403400
7891816
3064642194
1576119532
7891816
3064642194
3216612389
7891816
3064642194
2336406461
7891816
3064642194
3717770220
7891816
3064642194
3106857811
7891816
3064642194
3454074065
7891816
3064642194
1500974635
7891816
3064642194
2242454201
7891816
3064642194
555960097
7891816
3064642194
3593046769
7891816
3064642194
1317574654
7891816
3064642194
1664873292
7891816
3064642194
4279414397
7891816
3064642194
1148081554
7891816
3064642194
3235616554
7891816
3064642194
2991962805
7891816
3064642194
2891861890
7891816
3064642194
3981583375
7891816
3064642194
2512619979
7891816
3064642194
901687286
7891816
3064642194
974239227
7891816
3064642194
1248316053
7891816
3064642194
726572543
7891816
3064642194
893741256
7891816
3064642194
4280603660
7891816
3064642194
2276817352
7891816
3064642194
677856760
7891816
3064642194
841562283
7891816
3729484155
3390569720
7891816
3064642194
1993161146
7891816
3064642194
1056890588
7891816
3064642194
3299552971
7891816
3064642194
901420615
7891816
<!-- MOD_CODE ~tudm~ OPEN -->
3064642194
889499806
7891816
3064642194
98488474
7891816
3064642194
1815894659
7891816
3064642194
2383010534
7891816
3064642194
2351626825
7891816
3064642194
3195803265
7891816
3064642194
3284149696
7891816
3064642194
2335574056
7891816
3064642194
1591591352
7891816
3064642194
3086877386
7891816
3064642194
1760421224
7891816
3064642194
2224039776
7891816
3064642194
1760973598
7891816
3064642194
279555444
7891816
3064642194
3339817643
7891816
3064642194
2128416982
7891816
<!-- CLOSE -->
