V3
4
swimForceEquip
WeapEquip
WeapOutLeftReplaceForceEquip
WeapOutRightReplaceForceEquip
3
iLeftHandType
9
9
iRightHandType
0
0
iWantMountedWeaponAnims
0
0
2
attackPowerStartForwardH2HRightHand
0
1
H2H_AttackPowerForwardRightHand
AttackStartH2HRight
1
1
H2H_RightHook
134
3064642194
41385974
7891816
3064642194
3636541339
7891816
3064642194
1252987181
7891816
3064642194
1615783792
7891816
3064642194
3364256187
7891816
3064642194
840357759
7891816
3064642194
3847450222
7891816
3064642194
1472723945
7891816
3064642194
4233791795
7891816
3064642194
4170443117
7891816
3064642194
371235352
7891816
3064642194
3406446954
7891816
3064642194
1965290889
7891816
3064642194
2719139470
7891816
3064642194
1255975470
7891816
3064642194
3680244054
7891816
3064642194
2057874594
7891816
3064642194
2204898382
7891816
3064642194
3043271431
7891816
3064642194
4126550136
7891816
3064642194
618251804
7891816
3064642194
3090653222
7891816
3064642194
4151223881
7891816
3064642194
1778352864
7891816
3064642194
3366425132
7891816
3064642194
399236965
7891816
3064642194
2915721888
7891816
3064642194
4087381406
7891816
3064642194
1524045223
7891816
3064642194
2132071357
7891816
3064642194
1757279714
7891816
3064642194
1807166133
7891816
3064642194
903659886
7891816
3064642194
679864985
7891816
3064642194
2825105469
7891816
3064642194
3241019899
7891816
3064642194
1367604145
7891816
3064642194
2675355729
7891816
3064642194
3245675835
7891816
3064642194
4067495135
7891816
3064642194
860203613
7891816
3064642194
428585986
7891816
3064642194
4082520018
7891816
3064642194
1307963811
7891816
3064642194
1159813859
7891816
3064642194
480085644
7891816
3064642194
1574516697
7891816
3064642194
3666454355
7891816
3064642194
460438195
7891816
3064642194
2007533464
7891816
3064642194
830167584
7891816
3064642194
1296052771
7891816
3064642194
61735946
7891816
3064642194
492149133
7891816
3064642194
1326025277
7891816
3064642194
1431519909
7891816
3064642194
2275730219
7891816
3064642194
1040388572
7891816
3064642194
2860550650
7891816
3064642194
2832908674
7891816
3064642194
801422588
7891816
3064642194
2449436319
7891816
3064642194
1280841054
7891816
3064642194
2839818482
7891816
3064642194
2649230973
7891816
3064642194
200470939
7891816
3064642194
634222610
7891816
3064642194
3811617911
7891816
3064642194
2119857503
7891816
3064642194
2861825224
7891816
3064642194
4024897604
7891816
3064642194
1928973996
7891816
3064642194
4207477273
7891816
3064642194
916084304
7891816
3064642194
3154875101
7891816
3064642194
3708137967
7891816
3064642194
4174699361
7891816
3064642194
529961217
7891816
3064642194
1535123096
7891816
3064642194
1333534683
7891816
3064642194
428600395
7891816
3064642194
1512750508
7891816
3064642194
1976403784
7891816
3064642194
144112089
7891816
3064642194
1945801654
7891816
3064642194
128645182
7891816
3064642194
2433524099
7891816
3064642194
1375455791
7891816
3064642194
4192830881
7891816
3064642194
297848921
7891816
3064642194
753841044
7891816
3064642194
1991704955
7891816
3064642194
3176388239
7891816
3064642194
3273696995
7891816
3064642194
2089272310
7891816
3064642194
3938364387
7891816
3064642194
1326178189
7891816
3064642194
2561331486
7891816
3064642194
1446646701
7891816
3064642194
2380984658
7891816
3064642194
2938236109
7891816
3064642194
444209334
7891816
3064642194
1061595044
7891816
3064642194
2525573151
7891816
3064642194
345200390
7891816
3064642194
2759601375
7891816
3064642194
1224754600
7891816
3064642194
3850240764
7891816
3064642194
3804307443
7891816
3064642194
531187541
7891816
3064642194
515240138
7891816
3064642194
2059334979
7891816
3064642194
964314741
7891816
3064642194
1252802252
7891816
3064642194
940384628
7891816
3064642194
214988647
7891816
3064642194
602341953
7891816
3064642194
3200985115
7891816
3064642194
4260436364
7891816
3064642194
1250569287
7891816
3064642194
1088315209
7891816
3064642194
2734670679
7891816
3064642194
4134806053
7891816
3064642194
3543643369
7891816
3537018766
484884377
7891816
3064642194
4184708768
7891816
3064642194
589230375
7891816
3064642194
663998877
7891816
3064642194
96115431
7891816
3064642194
903161877
7891816
3064642194
1147503648
7891816
3064642194
4208308674
7891816
3064642194
2914486860
7891816
3064642194
2562413888
7891816
<!-- MOD_CODE ~tudm~ OPEN -->
3064642194
889499806
7891816
3064642194
98488474
7891816
3064642194
1815894659
7891816
3064642194
2383010534
7891816
3064642194
2351626825
7891816
3064642194
3195803265
7891816
3064642194
3284149696
7891816
3064642194
2335574056
7891816
3064642194
1591591352
7891816
3064642194
3086877386
7891816
3064642194
1760421224
7891816
3064642194
2224039776
7891816
3064642194
1760973598
7891816
3064642194
279555444
7891816
3064642194
3339817643
7891816
3064642194
2128416982
7891816
1237907633
2743162131
7891816
1237907633
517906993
7891816
1237907633
2063682964
7891816
1237907633
3427962763
7891816
1237907633
3690703316
7891816
1237907633
2763979120
7891816
1237907633
3506660089
7891816
1237907633
837275542
7891816
1237907633
1015465386
7891816
1237907633
3164549303
7891816
1237907633
3420701365
7891816
1237907633
2652614869
7891816
1237907633
2811833010
7891816
1237907633
1269662
7891816
1237907633
1936390592
7891816
1237907633
4151663938
7891816
1237907633
382820646
7891816
1237907633
4231298330
7891816
1237907633
2272003133
7891816
1237907633
3841950460
7891816
1237907633
2436126113
7891816
1237907633
1614665602
7891816
1237907633
3018804375
7891816
1237907633
1258552767
7891816
1237907633
1367585805
7891816
1237907633
1530653469
7891816
1237907633
1415889106
7891816
1237907633
2326649138
7891816
1237907633
3696896674
7891816
1237907633
3188573157
7891816
1237907633
2954641825
7891816
1237907633
1668001377
7891816
1237907633
626856548
7891816
1237907633
1864494151
7891816
1237907633
4128070635
7891816
1237907633
4125601296
7891816
1237907633
3135832004
7891816
1237907633
2035539761
7891816
1237907633
727030495
7891816
1237907633
116482058
7891816
1237907633
393909326
7891816
1237907633
3847910825
7891816
1237907633
2329549156
7891816
1237907633
1568348151
7891816
1237907633
1051789268
7891816
1237907633
2757473246
7891816
1237907633
2697278087
7891816
1237907633
1904693006
7891816
1237907633
1916699013
7891816
1237907633
1398339318
7891816
1237907633
14067251
7891816
1237907633
2220504103
7891816
1237907633
531088506
7891816
1237907633
2714990816
7891816
1237907633
1268150431
7891816
1237907633
200062560
7891816
1237907633
4203908739
7891816
1237907633
1393539023
7891816
1237907633
1876805543
7891816
1237907633
234964176
7891816
1237907633
3553369752
7891816
1237907633
3908503854
7891816
1237907633
1209685497
7891816
1237907633
2541382295
7891816
1237907633
2874579038
7891816
1237907633
1164898829
7891816
1237907633
1419488892
7891816
1237907633
195603515
7891816
1237907633
1392211093
7891816
1237907633
1579712429
7891816
1237907633
152936961
7891816
1237907633
2756144292
7891816
1237907633
3326795252
7891816
<!-- CLOSE -->
