V3
3
MC_WeapOutRightReplaceForceEquip
WeapEquip
WeapSoloEquip
3
iLeftHandType
0
12
iRightHandType
1
6
iWantMountedWeaponAnims
1
1
0
57
3220268526
4250954249
7891816
3220268526
381991193
7891816
3220268526
3318664614
7891816
3220268526
1758969764
7891816
3220268526
383797042
7891816
3220268526
998749552
7891816
3220268526
157035653
7891816
3220268526
2514818744
7891816
3220268526
660657202
7891816
3523339143
1722407781
7891816
3523339143
2628183558
7891816
3523339143
148408026
7891816
3523339143
4074224569
7891816
3523339143
901457574
7891816
3523339143
3484687301
7891816
3523339143
779652143
7891816
3523339143
1775429764
7891816
3523339143
1684768693
7891816
3523339143
3625943239
7891816
3523339143
235705629
7891816
3523339143
2055929266
7891816
3523339143
3838364812
7891816
3523339143
3080242776
7891816
3523339143
2698813745
7891816
3523339143
1665504125
7891816
3523339143
1792238945
7891816
3523339143
2430359554
7891816
3523339143
1727608879
7891816
3523339143
3478962408
7891816
3523339143
3815899973
7891816
3523339143
583280334
7891816
3523339143
3527304487
7891816
3523339143
3789334141
7891816
3523339143
466852638
7891816
3523339143
1961918037
7891816
3523339143
4116548981
7891816
3523339143
3051397021
7891816
3523339143
305777960
7891816
3523339143
458434191
7891816
3523339143
401977578
7891816
3523339143
3977386068
7891816
3220268526
4145320270
7891816
3220268526
3583464821
7891816
3220268526
798517270
7891816
3220268526
2478923743
7891816
3220268526
1854824594
7891816
3220268526
2065572626
7891816
3220268526
1836733747
7891816
3220268526
4223219248
7891816
3220268526
28707667
7891816
3220268526
2692741654
7891816
3220268526
3004853482
7891816
3220268526
280615610
7891816
3220268526
2778915472
7891816
3220268526
1580274081
7891816
3220268526
2755538114
7891816
3220268526
2752976539
7891816
<!-- MOD_CODE ~tudm~ OPEN -->
3064642194
2335574056
7891816
3064642194
889499806
7891816
3064642194
98488474
7891816
3064642194
1815894659
7891816
3064642194
2383010534
7891816
3064642194
2351626825
7891816
3064642194
3195803265
7891816
3064642194
3284149696
7891816
3064642194
1591591352
7891816
3064642194
3086877386
7891816
3064642194
1760421224
7891816
3064642194
2224039776
7891816
3064642194
1760973598
7891816
3064642194
279555444
7891816
3064642194
3339817643
7891816
3064642194
2128416982
7891816
<!-- CLOSE -->
