V3
2
weapEquip
weapForceEquip
2
iLeftHandType
5
5
iRightHandType
5
5
5
attackStartGSBackSlash
0
1
2GSAttackBackSlash
attackStartGSChop
0
1
2GSAttackB
attackStartGSForwardPowerB
0
1
2GSAttackForwardPowerB
attackStartGSX2
0
1
2GSAttackX2
bashStart
0
1
2GS_BlockBash
<!-- MOD_CODE ~tkuc~ OPEN -->
attackStart2GSThrust
0
1
2GSThrust
attackStart2GSRunThrust
0
1
2GSRunThrust
<!-- CLOSE -->
42
147871266
2956386910
7891816
147871266
912940200
7891816
147871266
725954965
7891816
147871266
2234525841
7891816
147871266
395858681
7891816
147871266
4172581281
7891816
147871266
3182776060
7891816
147871266
3254101101
7891816
147871266
370801749
7891816
147871266
2002889900
7891816
147871266
1048282292
7891816
147871266
3924367365
7891816
147871266
203872483
7891816
147871266
3592125733
7891816
147871266
1846139694
7891816
147871266
1763670927
7891816
147871266
3478923762
7891816
147871266
33880290
7891816
147871266
2322790106
7891816
147871266
1990712077
7891816
147871266
800353011
7891816
147871266
1556529618
7891816
147871266
3318714472
7891816
147871266
1732839781
7891816
147871266
3580538839
7891816
147871266
4001819254
7891816
147871266
1732948273
7891816
147871266
3958196196
7891816
147871266
3879053524
7891816
147871266
2759997297
7891816
147871266
725085878
7891816
147871266
2738615134
7891816
147871266
2987447798
7891816
147871266
1672450085
7891816
147871266
137473967
7891816
147871266
2421362166
7891816
440476993
4095553909
7891816
440476993
1830052047
7891816
440476993
202336421
7891816
440476993
3204566442
7891816
440476993
513534999
7891816
440476993
638098448
7891816
<!-- MOD_CODE ~tkuc~ OPEN -->
147871266
4277052839
7891816
147871266
2221439043
7891816
<!-- CLOSE -->
