V3
3
enter1HM
weapEquip
WeapForceEquip
2
iLeftHandType
0
0
iRightHandType
1
4
7
attackPowerStartForward1
0
1
1HMFowardPowerAttack1
attackPowerStartPower1
0
1
1HM_PowerAttack1
attackStartAttack1
0
1
1HM_Attack1
attackStartAttack2
0
1
1HM_Attack2
attackStartAttack3
0
1
1HM_Attack3
attackStartAttack4
0
1
1HM_Attack4
bashStart
0
1
1HWBash
<!-- MOD_CODE ~tkuc~ OPEN -->
attackStart1HMX3
0
1
1HMX3
attackStart1HMBackStepSlash
0
1
1HMBackStepSlash
attackStart1HMRunThrust
0
1
1HMRunThrust
<!-- CLOSE -->
21
3669666196
2768391681
7891816
3669666196
1007361979
7891816
3669666196
1259089709
7891816
3669666196
3580410510
7891816
3669666196
4007456165
7891816
3669666196
3336882712
7891816
3669666196
1896184136
7891816
3669666196
1987181092
7891816
3669666196
1793924813
7891816
3669666196
4091826039
7891816
3669666196
2229501921
7891816
3669666196
2476464859
7891816
3669666196
1040204494
7891816
3669666196
2720009255
7891816
3669666196
256557136
7891816
2728403343
1886086678
7891816
2728403343
1660936868
7891816
2728403343
2289647558
7891816
2728403343
1719099114
7891816
2728403343
292580988
7891816
2728403343
4227248926
7891816
<!-- MOD_CODE ~tkuc~ OPEN -->
3669666196
2062189633
7891816
3669666196
654138557
7891816
3669666196
1500114734
7891816
<!-- CLOSE -->
